0 0.95 0.4375 0.0484375 0.1875
0 0.7765625 0.44140625 0.059375 0.1328125
0 0.8375 0.369140625 0.05625 0.078125
0 0.734375 0.439453125 0.04375 0.125
0 0.5890625 0.44921875 0.0578125 0.1015625
0 0.709375 0.43359375 0.0234375 0.072265625
0 0.4546875 0.39453125 0.059375 0.181640625
0 0.41875 0.4296875 0.025 0.0703125
0 0.8953125 0.44921875 0.0375 0.064453125
0 0.7921875 0.392578125 0.0484375 0.078125
0 0.834375 0.439453125 0.06875 0.146484375
0 0.646875 0.375 0.0671875 0.234375
0 0.5171875 0.45703125 0.03125 0.060546875
0 0.571875 0.443359375 0.028125 0.072265625
