0 0.29375 0.4296875 0.0203125 0.072265625
0 0.309375 0.431640625 0.0234375 0.068359375
0 0.596875 0.435546875 0.0265625 0.0859375
0 0.634375 0.44140625 0.0234375 0.08203125
0 0.371875 0.44140625 0.0203125 0.052734375
0 0.3890625 0.44140625 0.0203125 0.05078125
0 0.8015625 0.447265625 0.028125 0.060546875
0 0.921875 0.439453125 0.034375 0.060546875
0 0.675 0.44921875 0.0234375 0.05859375
0 0.4390625 0.439453125 0.0140625 0.029296875
0 0.8765625 0.44921875 0.0203125 0.037109375
0 0.7234375 0.453125 0.025 0.0546875
0 0.703125 0.44921875 0.0203125 0.060546875
