0 0.0125 0.390625 0.0453125 0.13671875
0 0.0484375 0.41015625 0.0484375 0.1171875
0 0.240625 0.400390625 0.028125 0.037109375
0 0.296875 0.421875 0.0203125 0.05859375
0 0.5890625 0.431640625 0.01875 0.046875
0 0.4796875 0.435546875 0.01875 0.037109375
0 0.5515625 0.4375 0.0140625 0.029296875
0 0.7046875 0.443359375 0.021875 0.0546875
0 0.3203125 0.42578125 0.01875 0.0625
0 0.340625 0.427734375 0.01875 0.046875
0 0.353125 0.427734375 0.01875 0.05078125
0 0.3953125 0.427734375 0.01875 0.03125
0 0.4046875 0.4296875 0.01875 0.033203125
0 0.5421875 0.4375 0.0109375 0.029296875
0 0.534375 0.435546875 0.0125 0.037109375
0 0.6875 0.4375 0.0125 0.0546875
0 0.671875 0.431640625 0.0203125 0.04296875
