0 0.9671875 0.345703125 0.03125 0.2890625
0 0.9015625 0.380859375 0.0734375 0.275390625
0 0.79375 0.375 0.0765625 0.25390625
0 0.7671875 0.38671875 0.0375 0.19921875
0 0.7 0.3828125 0.08125 0.265625
0 0.6703125 0.3984375 0.05 0.212890625
0 0.1140625 0.46875 0.021875 0.03515625
0 0.096875 0.47265625 0.0234375 0.044921875
0 0.1984375 0.462890625 0.0203125 0.044921875
0 0.4171875 0.43359375 0.025 0.0625
0 0.6390625 0.427734375 0.0234375 0.07421875
0 0.61875 0.423828125 0.0265625 0.076171875
0 0.54375 0.431640625 0.0203125 0.046875
