0 0.225 0.44140625 0.01875 0.04296875
0 0.1359375 0.43359375 0.0234375 0.083984375
0 0.24375 0.44140625 0.015625 0.0390625
0 0.796875 0.39453125 0.10625 0.21484375
0 0.634375 0.408203125 0.0453125 0.1015625
0 0.478125 0.421875 0.021875 0.05078125
0 0.4390625 0.4296875 0.021875 0.03515625
0 0.41875 0.431640625 0.021875 0.037109375
0 0.3234375 0.4375 0.01875 0.029296875
0 0.1578125 0.41796875 0.028125 0.068359375
0 0.0015625 0.3984375 0.06875 0.123046875
0 0.2609375 0.447265625 0.0203125 0.03515625
