0 0.91875 0.3515625 0.078125 0.396484375
0 0.8453125 0.412109375 0.0546875 0.076171875
0 0.6890625 0.4453125 0.0359375 0.10546875
0 0.640625 0.435546875 0.0375 0.109375
0 0.6 0.439453125 0.0359375 0.10546875
0 0.578125 0.4375 0.0265625 0.10546875
0 0.553125 0.43359375 0.0359375 0.10546875
0 0.5328125 0.427734375 0.0296875 0.109375
0 0.5125 0.458984375 0.0234375 0.064453125
0 0.4890625 0.466796875 0.0203125 0.05078125
0 0.46875 0.466796875 0.0203125 0.046875
0 0.453125 0.466796875 0.021875 0.046875
