0 0.6078125 0.423828125 0.0234375 0.08203125
0 0.640625 0.421875 0.025 0.08203125
0 0.6578125 0.412109375 0.028125 0.1015625
0 0.6703125 0.421875 0.0359375 0.091796875
0 0.159375 0.45703125 0.01875 0.04296875
0 0.11875 0.470703125 0.021875 0.03125
0 0.1015625 0.462890625 0.01875 0.052734375
0 0.3578125 0.44921875 0.0109375 0.02734375
0 0.3703125 0.453125 0.0109375 0.0234375
0 0.3765625 0.447265625 0.0125 0.029296875
0 0.5890625 0.431640625 0.021875 0.056640625
0 0.5703125 0.43359375 0.0203125 0.05859375
