0 0.9296875 0.44921875 0.034375 0.140625
0 0.884375 0.45703125 0.034375 0.138671875
0 0.8515625 0.44921875 0.01875 0.14453125
0 0.828125 0.44921875 0.025 0.125
0 0.80625 0.462890625 0.025 0.115234375
0 0.7890625 0.47265625 0.0125 0.083984375
0 0.734375 0.4765625 0.01875 0.08984375
0 0.709375 0.46875 0.021875 0.09375
0 0.621875 0.4609375 0.0171875 0.05859375
0 0.665625 0.474609375 0.01875 0.076171875
0 0.7578125 0.46484375 0.0203125 0.109375
0 0.6875 0.474609375 0.021875 0.083984375
0 0.65 0.46484375 0.015625 0.05859375
0 0.3296875 0.466796875 0.0109375 0.046875
0 0.2765625 0.46875 0.0171875 0.044921875
0 0.2234375 0.462890625 0.0109375 0.052734375
0 0.2125 0.46875 0.0140625 0.056640625
0 0.1828125 0.46875 0.015625 0.0546875
0 0.1640625 0.470703125 0.015625 0.05078125
0 0.153125 0.47265625 0.0140625 0.048828125
0 0.125 0.486328125 0.021875 0.083984375
