0 0.740625 0.4140625 0.021875 0.056640625
0 0.696875 0.408203125 0.0234375 0.09375
0 0.6765625 0.40234375 0.01875 0.06640625
0 0.6578125 0.40234375 0.0203125 0.078125
0 0.6421875 0.400390625 0.0203125 0.05078125
0 0.615625 0.39453125 0.0203125 0.0546875
0 0.5984375 0.396484375 0.0203125 0.052734375
0 0.5796875 0.396484375 0.021875 0.05078125
0 0.5625 0.400390625 0.0203125 0.052734375
0 0.546875 0.40234375 0.01875 0.044921875
0 0.5375 0.40234375 0.01875 0.04296875
0 0.525 0.404296875 0.01875 0.04296875
0 0.5046875 0.41015625 0.01875 0.044921875
0 0.2765625 0.431640625 0.0125 0.02734375
0 0.2671875 0.423828125 0.0140625 0.0390625
0 0.253125 0.419921875 0.0125 0.044921875
0 0.2390625 0.4140625 0.01875 0.046875
0 0.2265625 0.416015625 0.01875 0.044921875
