0 0.8421875 0.353515625 0.0375 0.123046875
0 0.725 0.369140625 0.0265625 0.078125
0 0.715625 0.375 0.0234375 0.07421875
0 0.7046875 0.369140625 0.0203125 0.08203125
0 0.675 0.37109375 0.025 0.0859375
0 0.665625 0.38671875 0.01875 0.06640625
0 0.653125 0.3828125 0.0203125 0.072265625
0 0.6390625 0.37890625 0.0203125 0.072265625
0 0.6265625 0.3828125 0.021875 0.068359375
0 0.6 0.384765625 0.025 0.0625
0 0.58125 0.392578125 0.0203125 0.056640625
0 0.53125 0.40234375 0.021875 0.05859375
0 0.23125 0.4375 0.01875 0.04296875
0 0.1984375 0.427734375 0.01875 0.056640625
0 0.1796875 0.427734375 0.0203125 0.05859375
0 0.1484375 0.42578125 0.0203125 0.0625
0 0.125 0.423828125 0.021875 0.0625
