0 0.9734375 0.369140625 0.025 0.16015625
0 0.9453125 0.37109375 0.0234375 0.162109375
0 0.91875 0.36328125 0.025 0.146484375
0 0.8640625 0.3515625 0.03125 0.146484375
0 0.8421875 0.36328125 0.025 0.109375
0 0.8015625 0.365234375 0.0234375 0.115234375
0 0.7734375 0.369140625 0.021875 0.095703125
0 0.746875 0.3984375 0.0296875 0.12109375
0 0.7296875 0.361328125 0.021875 0.0390625
0 0.7265625 0.40234375 0.0234375 0.05859375
0 0.6875 0.35546875 0.021875 0.1015625
0 0.6515625 0.353515625 0.0203125 0.052734375
0 0.634375 0.3515625 0.0171875 0.048828125
0 0.6078125 0.361328125 0.021875 0.060546875
0 0.590625 0.361328125 0.01875 0.056640625
0 0.571875 0.36328125 0.01875 0.03515625
0 0.1984375 0.380859375 0.028125 0.08984375
0 0.0625 0.375 0.025 0.08984375
0 0.0296875 0.376953125 0.01875 0.078125
