0 0.875 0.435546875 0.034375 0.099609375
0 0.834375 0.431640625 0.021875 0.083984375
0 0.796875 0.423828125 0.0203125 0.09765625
0 0.775 0.4296875 0.0203125 0.091796875
0 0.7421875 0.439453125 0.021875 0.083984375
0 0.71875 0.44140625 0.0203125 0.05078125
0 0.7046875 0.427734375 0.0203125 0.064453125
0 0.684375 0.431640625 0.01875 0.056640625
0 0.640625 0.4375 0.0125 0.03515625
0 0.6265625 0.439453125 0.0140625 0.052734375
0 0.60625 0.427734375 0.0140625 0.0390625
0 0.5796875 0.421875 0.0140625 0.04296875
0 0.5671875 0.4296875 0.0109375 0.03515625
