0 0.584375 0.421875 0.034375 0.1328125
0 0.559375 0.421875 0.0328125 0.134765625
0 0.384375 0.44921875 0.04375 0.06640625
0 0.3375 0.439453125 0.0359375 0.08203125
0 0.3140625 0.443359375 0.03125 0.09765625
0 0.278125 0.4453125 0.040625 0.068359375
0 0.2265625 0.404296875 0.0375 0.130859375
0 0.190625 0.44140625 0.0296875 0.0859375
0 0.1625 0.4140625 0.0359375 0.12109375
0 0.134375 0.412109375 0.034375 0.12109375
0 0.015625 0.431640625 0.0234375 0.0546875
0 0.1 0.4296875 0.0234375 0.06640625
0 0.0828125 0.431640625 0.01875 0.0625
0 0.515625 0.42578125 0.0265625 0.046875
0 0.4921875 0.423828125 0.0265625 0.0546875
0 0.475 0.427734375 0.01875 0.0546875
