0 0.0625 0.392578125 0.034375 0.0703125
0 0.071875 0.390625 0.065625 0.130859375
0 0.171875 0.40625 0.034375 0.09765625
0 0.2421875 0.412109375 0.028125 0.076171875
0 0.334375 0.41015625 0.028125 0.056640625
0 0.30625 0.392578125 0.0328125 0.11328125
0 0.54375 0.392578125 0.0328125 0.076171875
0 0.5125 0.40234375 0.028125 0.060546875
0 0.4734375 0.404296875 0.0328125 0.07421875
0 0.3703125 0.416015625 0.03125 0.04296875
0 0.434375 0.384765625 0.03125 0.0546875
0 0.2828125 0.408203125 0.0328125 0.05078125
