0 0.0 0.38671875 0.078125 0.283203125
0 0.815625 0.244140625 0.1625 0.658203125
0 0.6171875 0.42578125 0.046875 0.091796875
0 0.5421875 0.3828125 0.05625 0.18359375
0 0.496875 0.4375 0.046875 0.078125
0 0.3953125 0.38671875 0.05 0.1484375
0 0.3578125 0.41015625 0.028125 0.072265625
0 0.4703125 0.400390625 0.021875 0.046875
0 0.446875 0.435546875 0.0328125 0.060546875
0 0.6796875 0.37890625 0.0375 0.078125
0 0.6578125 0.427734375 0.0453125 0.091796875
0 0.6890625 0.423828125 0.0703125 0.123046875
0 0.76875 0.41796875 0.078125 0.2265625
