0 0.9 0.455078125 0.021875 0.1015625
0 0.878125 0.4453125 0.0265625 0.11328125
0 0.85625 0.4453125 0.0265625 0.109375
0 0.8375 0.443359375 0.0296875 0.115234375
0 0.69375 0.427734375 0.028125 0.08203125
0 0.3734375 0.4375 0.03125 0.056640625
0 0.29375 0.427734375 0.01875 0.052734375
0 0.6484375 0.427734375 0.0296875 0.044921875
0 0.725 0.421875 0.01875 0.078125
0 0.30625 0.427734375 0.01875 0.05859375
0 0.334375 0.431640625 0.0125 0.048828125
0 0.4890625 0.439453125 0.0125 0.025390625
0 0.475 0.439453125 0.0125 0.025390625
