0 0.153125 0.40625 0.0296875 0.107421875
0 0.1796875 0.42578125 0.03125 0.08984375
0 0.3484375 0.431640625 0.01875 0.0546875
0 0.325 0.4296875 0.021875 0.052734375
0 0.7046875 0.44921875 0.01875 0.05078125
0 0.6953125 0.4453125 0.01875 0.056640625
0 0.5703125 0.4453125 0.0125 0.03125
0 0.55625 0.443359375 0.0125 0.03515625
0 0.5453125 0.44140625 0.015625 0.0390625
0 0.365625 0.43359375 0.021875 0.0546875
0 0.38125 0.4375 0.015625 0.044921875
0 0.428125 0.435546875 0.0125 0.03515625
0 0.496875 0.44140625 0.01875 0.03515625
0 0.2828125 0.41796875 0.0203125 0.03125
