0 0.578125 0.427734375 0.0234375 0.072265625
0 0.6015625 0.421875 0.0234375 0.076171875
0 0.0375 0.447265625 0.0296875 0.0859375
0 0.0203125 0.44921875 0.0265625 0.091796875
0 0.8953125 0.349609375 0.0953125 0.328125
0 0.828125 0.38671875 0.0609375 0.2109375
0 0.759375 0.408203125 0.0671875 0.203125
0 0.659375 0.4140625 0.01875 0.041015625
0 0.14375 0.4609375 0.015625 0.037109375
0 0.11875 0.470703125 0.0203125 0.03515625
0 0.6203125 0.42578125 0.0234375 0.0703125
0 0.38125 0.4453125 0.0125 0.03125
0 0.359375 0.4453125 0.0109375 0.02734375
