0 0.9796875 0.408203125 0.0125 0.037109375
0 0.9734375 0.40234375 0.0109375 0.03125
0 0.965625 0.4296875 0.015625 0.05859375
0 0.95 0.412109375 0.01875 0.072265625
0 0.896875 0.408203125 0.01875 0.064453125
0 0.878125 0.408203125 0.01875 0.06640625
0 0.85 0.41015625 0.0140625 0.060546875
0 0.834375 0.416015625 0.01875 0.0546875
0 0.7921875 0.42578125 0.025 0.078125
0 0.7734375 0.4140625 0.0125 0.03515625
0 0.753125 0.427734375 0.021875 0.033203125
0 0.7328125 0.423828125 0.021875 0.03125
0 0.71875 0.427734375 0.0203125 0.0234375
0 0.5953125 0.4375 0.0125 0.021484375
