0 0.8734375 0.439453125 0.0375 0.126953125
0 0.8484375 0.439453125 0.040625 0.12890625
0 0.746875 0.44140625 0.0265625 0.083984375
0 0.78125 0.427734375 0.0203125 0.09375
0 0.4203125 0.4296875 0.0296875 0.08984375
0 0.384375 0.44140625 0.0296875 0.072265625
0 0.2046875 0.421875 0.025 0.0625
0 0.171875 0.416015625 0.0265625 0.0625
0 0.4765625 0.439453125 0.0140625 0.04296875
0 0.4625 0.4375 0.01875 0.044921875
0 0.4515625 0.439453125 0.0140625 0.041015625
0 0.8015625 0.443359375 0.021875 0.044921875
0 0.7296875 0.447265625 0.025 0.041015625
