0 0.0625 0.439453125 0.0203125 0.068359375
0 0.628125 0.412109375 0.0296875 0.08984375
0 0.6546875 0.421875 0.03125 0.080078125
0 0.690625 0.421875 0.0234375 0.060546875
0 0.225 0.44921875 0.0109375 0.03125
0 0.6921875 0.4140625 0.0890625 0.19140625
0 0.5390625 0.41015625 0.05625 0.166015625
0 0.371875 0.42578125 0.01875 0.0546875
0 0.3265625 0.43359375 0.0203125 0.044921875
0 0.284375 0.4453125 0.0140625 0.029296875
0 0.1828125 0.44140625 0.009375 0.03515625
0 0.175 0.439453125 0.009375 0.029296875
0 0.146875 0.431640625 0.0140625 0.05078125
0 0.125 0.4453125 0.0125 0.029296875
