0 0.690625 0.42578125 0.0328125 0.10546875
0 0.66875 0.4140625 0.028125 0.115234375
0 0.6421875 0.42578125 0.0234375 0.0859375
0 0.6234375 0.42578125 0.0234375 0.087890625
0 0.5421875 0.435546875 0.0140625 0.046875
0 0.5671875 0.435546875 0.025 0.056640625
0 0.5890625 0.427734375 0.025 0.060546875
0 0.159375 0.458984375 0.01875 0.04296875
0 0.1171875 0.470703125 0.01875 0.03515625
0 0.1015625 0.466796875 0.0203125 0.046875
0 0.35625 0.44921875 0.0125 0.02734375
0 0.36875 0.447265625 0.009375 0.02734375
0 0.375 0.447265625 0.009375 0.025390625
