0 0.88125 0.400390625 0.10625 0.419921875
0 0.5046875 0.41796875 0.0578125 0.12890625
0 0.696875 0.421875 0.025 0.083984375
0 0.253125 0.341796875 0.1328125 0.572265625
0 0.4734375 0.4296875 0.0125 0.04296875
0 0.459375 0.431640625 0.0203125 0.037109375
0 0.028125 0.423828125 0.0234375 0.033203125
0 0.0515625 0.423828125 0.0203125 0.029296875
0 0.0703125 0.423828125 0.01875 0.02734375
0 0.090625 0.42578125 0.01875 0.033203125
0 0.8515625 0.423828125 0.0234375 0.04296875
0 0.9703125 0.42578125 0.025 0.046875
0 0.678125 0.42578125 0.021875 0.072265625
