0 0.0015625 0.423828125 0.040625 0.12109375
0 0.0375 0.431640625 0.0421875 0.115234375
0 0.1953125 0.421875 0.03125 0.125
0 0.2140625 0.421875 0.0296875 0.12109375
0 0.696875 0.41015625 0.0234375 0.103515625
0 0.659375 0.4140625 0.0453125 0.115234375
0 0.796875 0.408203125 0.0359375 0.125
0 0.7734375 0.412109375 0.01875 0.072265625
0 0.853125 0.40625 0.0328125 0.134765625
0 0.8828125 0.3984375 0.0296875 0.138671875
0 0.7578125 0.41796875 0.03125 0.1328125
0 0.746875 0.416015625 0.021875 0.119140625
0 0.4828125 0.447265625 0.01875 0.033203125
