0 0.9625 0.40234375 0.0359375 0.201171875
0 0.7703125 0.44140625 0.075 0.107421875
0 0.71875 0.44921875 0.0515625 0.099609375
0 0.65625 0.439453125 0.059375 0.146484375
0 0.6140625 0.443359375 0.05625 0.1015625
0 0.5671875 0.44140625 0.0546875 0.140625
0 0.5171875 0.4296875 0.025 0.064453125
0 0.5 0.43359375 0.021875 0.064453125
0 0.428125 0.431640625 0.025 0.064453125
0 0.3421875 0.42578125 0.021875 0.07421875
0 0.3578125 0.447265625 0.0203125 0.0546875
0 0.25 0.42578125 0.021875 0.078125
0 0.05625 0.435546875 0.0359375 0.068359375
0 0.846875 0.42578125 0.03125 0.064453125
0 0.8703125 0.421875 0.0328125 0.072265625
