0 0.3296875 0.455078125 0.009375 0.0234375
0 0.3171875 0.44921875 0.0109375 0.02734375
0 0.3015625 0.44921875 0.0125 0.02734375
0 0.29375 0.44921875 0.009375 0.02734375
0 0.2828125 0.4453125 0.009375 0.03125
0 0.2703125 0.4453125 0.0125 0.03515625
0 0.246875 0.44140625 0.0140625 0.04296875
0 0.225 0.4453125 0.015625 0.0390625
0 0.2140625 0.44140625 0.0140625 0.044921875
0 0.2 0.443359375 0.0109375 0.044921875
0 0.1796875 0.453125 0.0109375 0.04296875
0 0.1625 0.443359375 0.0140625 0.048828125
0 0.153125 0.451171875 0.0109375 0.046875
0 0.1140625 0.44140625 0.0171875 0.0546875
0 0.0953125 0.4375 0.015625 0.0625
0 0.0625 0.4375 0.015625 0.068359375
0 0.0375 0.447265625 0.0140625 0.072265625
0 0.84375 0.37109375 0.0203125 0.037109375
