0 0.9296875 0.439453125 0.0375 0.154296875
0 0.8640625 0.4140625 0.1 0.220703125
0 0.603125 0.41796875 0.1 0.19140625
0 0.4953125 0.41015625 0.0765625 0.166015625
0 0.446875 0.3984375 0.05 0.17578125
0 0.4140625 0.40625 0.0453125 0.12890625
0 0.3796875 0.408203125 0.0375 0.0859375
0 0.3515625 0.42578125 0.0546875 0.162109375
0 0.325 0.392578125 0.0375 0.150390625
0 0.2796875 0.400390625 0.05 0.146484375
0 0.25625 0.40234375 0.04375 0.126953125
0 0.659375 0.412109375 0.03125 0.119140625
0 0.23125 0.390625 0.0203125 0.0625
