0 0.74375 0.462890625 0.034375 0.091796875
0 0.6890625 0.4140625 0.0375 0.15625
0 0.6484375 0.423828125 0.0484375 0.15234375
0 0.5765625 0.41796875 0.0421875 0.1328125
0 0.4578125 0.453125 0.04375 0.07421875
0 0.3984375 0.4453125 0.040625 0.087890625
0 0.3734375 0.443359375 0.0296875 0.076171875
0 0.33125 0.44140625 0.04375 0.087890625
0 0.2796875 0.41015625 0.04375 0.1328125
0 0.2328125 0.400390625 0.0546875 0.158203125
0 0.2140625 0.427734375 0.0234375 0.064453125
0 0.0765625 0.4296875 0.0296875 0.0859375
