0 0.921875 0.447265625 0.0359375 0.15234375
0 0.8796875 0.4453125 0.040625 0.16015625
0 0.8546875 0.447265625 0.0265625 0.126953125
0 0.8359375 0.45703125 0.01875 0.12109375
0 0.809375 0.453125 0.025 0.126953125
0 0.784375 0.462890625 0.025 0.115234375
0 0.190625 0.4609375 0.0171875 0.05859375
0 0.178125 0.462890625 0.015625 0.05859375
0 0.15625 0.46875 0.0234375 0.060546875
0 0.953125 0.44140625 0.0328125 0.14453125
0 0.9875 0.443359375 0.0109375 0.146484375
0 0.7203125 0.455078125 0.0203125 0.08203125
0 0.640625 0.4609375 0.0203125 0.0703125
0 0.6609375 0.453125 0.01875 0.07421875
0 0.596875 0.458984375 0.015625 0.056640625
0 0.6125 0.453125 0.01875 0.060546875
0 0.6828125 0.44140625 0.015625 0.04296875
0 0.6953125 0.439453125 0.0140625 0.044921875
0 0.70625 0.4375 0.0125 0.05078125
0 0.5875 0.443359375 0.015625 0.041015625
0 0.6265625 0.43359375 0.015625 0.05859375
0 0.7265625 0.41015625 0.0125 0.044921875
0 0.7359375 0.408203125 0.0140625 0.041015625
0 0.559375 0.431640625 0.0125 0.041015625
0 0.5515625 0.431640625 0.0125 0.041015625
