0 0.85625 0.412109375 0.0578125 0.197265625
0 0.7515625 0.408203125 0.01875 0.046875
0 0.3203125 0.46484375 0.0109375 0.0234375
0 0.309375 0.46484375 0.0078125 0.025390625
0 0.3015625 0.466796875 0.009375 0.025390625
0 0.2828125 0.45703125 0.009375 0.03515625
0 0.26875 0.462890625 0.0109375 0.029296875
0 0.259375 0.4609375 0.0109375 0.03125
0 0.2515625 0.4609375 0.0109375 0.03515625
0 0.234375 0.466796875 0.0109375 0.03125
0 0.221875 0.46484375 0.0109375 0.029296875
0 0.0390625 0.453125 0.021875 0.078125
0 0.0171875 0.458984375 0.0203125 0.072265625
0 0.0 0.462890625 0.0171875 0.0546875
