0 0.8890625 0.41015625 0.040625 0.158203125
0 0.9234375 0.443359375 0.0328125 0.126953125
0 0.7671875 0.44140625 0.03125 0.04296875
0 0.44375 0.435546875 0.0203125 0.046875
0 0.5953125 0.4375 0.0203125 0.05078125
0 0.28125 0.421875 0.0375 0.10546875
0 0.2328125 0.421875 0.040625 0.091796875
0 0.00625 0.40625 0.034375 0.1015625
0 0.4765625 0.44140625 0.01875 0.037109375
0 0.43125 0.439453125 0.01875 0.041015625
0 0.4203125 0.44140625 0.0203125 0.0390625
0 0.8328125 0.435546875 0.01875 0.091796875
0 0.7953125 0.4375 0.0203125 0.0625
0 0.60625 0.439453125 0.015625 0.048828125
0 0.621875 0.43359375 0.015625 0.056640625
