0 0.2875 0.470703125 0.0140625 0.03125
0 0.278125 0.46875 0.0140625 0.03125
0 0.2671875 0.470703125 0.0109375 0.029296875
0 0.253125 0.46875 0.0140625 0.037109375
0 0.2296875 0.4609375 0.0140625 0.046875
0 0.21875 0.46484375 0.0109375 0.03515625
0 0.209375 0.46484375 0.0125 0.04296875
0 0.1953125 0.466796875 0.0109375 0.0390625
0 0.1828125 0.46484375 0.0125 0.04296875
0 0.1703125 0.466796875 0.0109375 0.041015625
0 0.15625 0.466796875 0.0125 0.0390625
0 0.14375 0.46875 0.0125 0.0390625
0 0.1265625 0.466796875 0.0125 0.046875
0 0.115625 0.462890625 0.009375 0.052734375
0 0.10625 0.466796875 0.009375 0.044921875
0 0.0953125 0.46484375 0.0125 0.0546875
0 0.0859375 0.462890625 0.0109375 0.056640625
0 0.0671875 0.458984375 0.015625 0.0625
0 0.0546875 0.466796875 0.0109375 0.056640625
0 0.0390625 0.462890625 0.0125 0.0625
0 0.0078125 0.458984375 0.01875 0.076171875
