0 0.190625 0.3828125 0.0453125 0.134765625
0 0.228125 0.41015625 0.05 0.119140625
0 0.271875 0.392578125 0.034375 0.134765625
0 0.2984375 0.392578125 0.028125 0.12109375
0 0.321875 0.38671875 0.0421875 0.14453125
0 0.3625 0.392578125 0.0328125 0.056640625
0 0.3671875 0.400390625 0.0421875 0.134765625
0 0.4 0.396484375 0.0296875 0.0859375
0 0.4234375 0.412109375 0.04375 0.1640625
0 0.459375 0.41015625 0.0296875 0.1640625
0 0.634375 0.4375 0.0421875 0.162109375
0 0.5953125 0.4140625 0.05 0.185546875
