0 0.3125 0.46875 0.0109375 0.03125
0 0.303125 0.470703125 0.009375 0.029296875
0 0.290625 0.47265625 0.0125 0.02734375
0 0.28125 0.470703125 0.009375 0.029296875
0 0.2703125 0.46875 0.0109375 0.03125
0 0.259375 0.466796875 0.0109375 0.03515625
0 0.246875 0.46484375 0.0125 0.037109375
0 0.2328125 0.466796875 0.0125 0.037109375
0 0.2234375 0.46875 0.0109375 0.03125
0 0.209375 0.466796875 0.009375 0.03515625
0 0.19375 0.462890625 0.0109375 0.044921875
0 0.1828125 0.46484375 0.0125 0.044921875
0 0.16875 0.462890625 0.0125 0.046875
0 0.1609375 0.46484375 0.0078125 0.048828125
0 0.153125 0.462890625 0.015625 0.046875
0 0.1421875 0.462890625 0.0125 0.048828125
0 0.128125 0.45703125 0.0140625 0.05859375
0 0.0953125 0.466796875 0.01875 0.05859375
0 0.071875 0.462890625 0.01875 0.060546875
0 0.0546875 0.46875 0.01875 0.056640625
0 0.0015625 0.4609375 0.0203125 0.0703125
