0 0.9265625 0.455078125 0.0484375 0.16015625
0 0.8765625 0.455078125 0.0359375 0.1484375
0 0.928125 0.40625 0.01875 0.052734375
0 0.9 0.408203125 0.01875 0.04296875
0 0.884375 0.408203125 0.01875 0.033203125
0 0.8453125 0.4140625 0.0203125 0.044921875
0 0.803125 0.41796875 0.01875 0.04296875
0 0.790625 0.423828125 0.0203125 0.04296875
0 0.775 0.40234375 0.0109375 0.02734375
0 0.7703125 0.400390625 0.0078125 0.02734375
0 0.7828125 0.421875 0.0109375 0.046875
0 0.7578125 0.453125 0.0234375 0.095703125
0 0.7375 0.41796875 0.0078125 0.02734375
0 0.7203125 0.40234375 0.0109375 0.02734375
0 0.6984375 0.3984375 0.009375 0.02734375
0 0.7078125 0.4140625 0.0125 0.041015625
0 0.684375 0.427734375 0.01875 0.029296875
0 0.6828125 0.45703125 0.0203125 0.0703125
0 0.665625 0.458984375 0.0140625 0.07421875
0 0.6546875 0.44921875 0.0125 0.046875
0 0.634375 0.423828125 0.0109375 0.01953125
0 0.634375 0.443359375 0.01875 0.068359375
0 0.6265625 0.4296875 0.0109375 0.021484375
0 0.615625 0.421875 0.0125 0.04296875
0 0.61875 0.447265625 0.0171875 0.06640625
0 0.6015625 0.412109375 0.009375 0.02734375
0 0.596875 0.435546875 0.0140625 0.05078125
0 0.5875 0.4140625 0.009375 0.044921875
0 0.565625 0.423828125 0.0078125 0.04296875
0 0.5546875 0.427734375 0.0109375 0.04296875
0 0.5453125 0.427734375 0.009375 0.044921875
0 0.534375 0.431640625 0.009375 0.0390625
0 0.5265625 0.4296875 0.009375 0.0390625
0 0.1578125 0.4453125 0.01875 0.06640625
0 0.1453125 0.44921875 0.0203125 0.06640625
0 0.1203125 0.458984375 0.0234375 0.060546875
0 0.10625 0.453125 0.0203125 0.068359375
0 0.0765625 0.45703125 0.0265625 0.068359375
0 0.984375 0.44140625 0.0140625 0.15625
