0 0.3765625 0.41796875 0.0671875 0.125
0 0.4515625 0.392578125 0.175 0.404296875
0 0.7265625 0.5078125 0.1453125 0.28125
0 0.7078125 0.427734375 0.0234375 0.07421875
0 0.6921875 0.423828125 0.0203125 0.06640625
0 0.003125 0.408203125 0.025 0.06640625
0 0.05 0.42578125 0.0203125 0.02734375
0 0.06875 0.42578125 0.021875 0.025390625
0 0.840625 0.421875 0.025 0.0390625
0 0.96875 0.427734375 0.0265625 0.05078125
0 0.678125 0.427734375 0.0203125 0.060546875
0 0.4953125 0.43359375 0.0140625 0.037109375
0 0.4859375 0.431640625 0.0125 0.041015625
