0 0.665625 0.439453125 0.0203125 0.072265625
0 0.575 0.4296875 0.0109375 0.046875
0 0.559375 0.4296875 0.015625 0.046875
0 0.109375 0.41796875 0.0203125 0.103515625
0 0.2140625 0.443359375 0.01875 0.06640625
0 0.0921875 0.41796875 0.0171875 0.05078125
0 0.040625 0.4296875 0.015625 0.056640625
0 0.071875 0.427734375 0.01875 0.052734375
0 0.3078125 0.439453125 0.0171875 0.05859375
0 0.28125 0.4296875 0.0171875 0.046875
0 0.253125 0.44140625 0.0125 0.041015625
0 0.165625 0.42578125 0.015625 0.041015625
0 0.0 0.435546875 0.025 0.130859375
