0 0.0 0.392578125 0.1 0.23046875
0 0.1953125 0.42578125 0.021875 0.076171875
0 0.215625 0.416015625 0.021875 0.08203125
0 0.8796875 0.4140625 0.034375 0.087890625
0 0.9125 0.396484375 0.0390625 0.099609375
0 0.696875 0.4375 0.015625 0.04296875
0 0.634375 0.423828125 0.01875 0.0390625
0 0.5984375 0.416015625 0.021875 0.04296875
0 0.315625 0.416015625 0.0453125 0.0703125
0 0.2890625 0.4296875 0.01875 0.05078125
0 0.1765625 0.41015625 0.0203125 0.04296875
0 0.7671875 0.416015625 0.0171875 0.037109375
