0 0.86875 0.390625 0.034375 0.15625
0 0.753125 0.392578125 0.025 0.103515625
0 0.73125 0.390625 0.0265625 0.107421875
0 0.6546875 0.38671875 0.0203125 0.05859375
0 0.634375 0.3828125 0.01875 0.06640625
0 0.6203125 0.384765625 0.0203125 0.064453125
0 0.6015625 0.390625 0.0203125 0.06640625
0 0.59375 0.40234375 0.0203125 0.05078125
0 0.575 0.3984375 0.01875 0.05078125
0 0.5578125 0.3984375 0.01875 0.033203125
0 0.540625 0.3984375 0.01875 0.044921875
0 0.5125 0.40234375 0.01875 0.0546875
0 0.25 0.42578125 0.01875 0.03515625
0 0.2296875 0.4140625 0.0203125 0.044921875
0 0.2140625 0.41015625 0.021875 0.052734375
0 0.1953125 0.408203125 0.01875 0.052734375
0 0.178125 0.408203125 0.0203125 0.056640625
