0 0.7 0.40625 0.0375 0.14453125
0 0.659375 0.400390625 0.0375 0.15234375
0 0.4453125 0.423828125 0.028125 0.095703125
0 0.4 0.4296875 0.034375 0.09375
0 0.059375 0.373046875 0.0796875 0.30859375
0 0.159375 0.4609375 0.01875 0.05078125
0 0.121875 0.474609375 0.015625 0.02734375
0 0.3609375 0.44921875 0.0125 0.029296875
0 0.36875 0.44921875 0.0125 0.02734375
0 0.378125 0.447265625 0.0109375 0.03125
0 0.6125 0.439453125 0.015625 0.04296875
0 0.59375 0.431640625 0.0203125 0.056640625
0 0.5703125 0.4296875 0.01875 0.05078125
0 0.5421875 0.435546875 0.01875 0.046875
