0 0.934375 0.44140625 0.0546875 0.1796875
0 0.859375 0.458984375 0.0359375 0.146484375
0 0.8234375 0.455078125 0.034375 0.13671875
0 0.1828125 0.453125 0.0171875 0.05859375
0 0.140625 0.4609375 0.021875 0.068359375
0 0.1171875 0.466796875 0.021875 0.05859375
0 0.9890625 0.443359375 0.009375 0.16796875
0 0.1609375 0.458984375 0.01875 0.060546875
0 0.903125 0.447265625 0.0328125 0.13671875
0 0.7359375 0.455078125 0.0203125 0.0859375
0 0.784375 0.4296875 0.015625 0.041015625
0 0.66875 0.453125 0.021875 0.078125
0 0.64375 0.453125 0.025 0.072265625
0 0.825 0.419921875 0.0140625 0.037109375
0 0.840625 0.41796875 0.0125 0.03515625
0 0.6046875 0.455078125 0.01875 0.060546875
0 0.621875 0.453125 0.0171875 0.0625
0 0.7125 0.443359375 0.0171875 0.046875
0 0.69375 0.439453125 0.01875 0.04296875
0 0.5875 0.443359375 0.01875 0.05078125
0 0.5625 0.43359375 0.0109375 0.037109375
0 0.5515625 0.43359375 0.0125 0.037109375
