0 0.9515625 0.4296875 0.0453125 0.138671875
0 0.8296875 0.43359375 0.0375 0.12890625
0 0.809375 0.447265625 0.0265625 0.119140625
0 0.7796875 0.45703125 0.0265625 0.072265625
0 0.74375 0.451171875 0.0375 0.115234375
0 0.715625 0.46484375 0.0296875 0.107421875
0 0.6921875 0.48046875 0.025 0.0703125
0 0.671875 0.4765625 0.0234375 0.0703125
0 0.653125 0.4765625 0.021875 0.072265625
0 0.634375 0.4765625 0.021875 0.0703125
0 0.6203125 0.486328125 0.0203125 0.06640625
0 0.6 0.48828125 0.021875 0.064453125
0 0.584375 0.490234375 0.0203125 0.0625
0 0.5453125 0.462890625 0.01875 0.0546875
0 0.5234375 0.4765625 0.0234375 0.05859375
0 0.36875 0.48046875 0.021875 0.052734375
0 0.2515625 0.494140625 0.0171875 0.044921875
0 0.2296875 0.48046875 0.0171875 0.05078125
0 0.21875 0.48828125 0.015625 0.048828125
