0 0.9171875 0.380859375 0.0484375 0.16015625
0 0.9390625 0.341796875 0.009375 0.04296875
0 0.9234375 0.34375 0.0125 0.03515625
0 0.915625 0.33984375 0.0125 0.029296875
0 0.90625 0.35546875 0.015625 0.044921875
0 0.896875 0.353515625 0.0125 0.041015625
0 0.871875 0.396484375 0.0375 0.140625
0 0.8671875 0.37109375 0.0265625 0.05078125
0 0.83125 0.361328125 0.021875 0.025390625
0 0.8296875 0.38671875 0.0234375 0.08203125
0 0.8078125 0.34375 0.01875 0.03125
0 0.80625 0.380859375 0.021875 0.10546875
0 0.8 0.341796875 0.009375 0.02734375
0 0.7890625 0.349609375 0.0125 0.037109375
0 0.78125 0.38671875 0.025 0.083984375
0 0.771875 0.375 0.021875 0.037109375
0 0.75625 0.37890625 0.0203125 0.03515625
0 0.7421875 0.3828125 0.025 0.095703125
0 0.7578125 0.427734375 0.0390625 0.087890625
0 0.721875 0.375 0.021875 0.08984375
0 0.703125 0.375 0.0203125 0.025390625
0 0.6921875 0.390625 0.0265625 0.126953125
0 0.6765625 0.380859375 0.0203125 0.0703125
0 0.665625 0.369140625 0.01875 0.056640625
0 0.6390625 0.361328125 0.01875 0.056640625
0 0.621875 0.35546875 0.021875 0.064453125
0 0.6046875 0.353515625 0.01875 0.044921875
0 0.5890625 0.35546875 0.01875 0.056640625
0 0.575 0.369140625 0.01875 0.046875
0 0.5578125 0.3671875 0.01875 0.0390625
0 0.5421875 0.37109375 0.0203125 0.033203125
0 0.14375 0.390625 0.0265625 0.09375
0 0.1171875 0.390625 0.0140625 0.072265625
0 0.08125 0.392578125 0.01875 0.078125
