0 0.303125 0.404296875 0.0484375 0.169921875
0 0.4296875 0.431640625 0.028125 0.07421875
0 0.4546875 0.42578125 0.021875 0.078125
0 0.634375 0.400390625 0.0421875 0.14453125
0 0.6671875 0.4140625 0.0296875 0.12109375
0 0.890625 0.353515625 0.071875 0.27734375
0 0.1625 0.458984375 0.01875 0.046875
0 0.1171875 0.470703125 0.0203125 0.03515625
0 0.3515625 0.44921875 0.0140625 0.029296875
0 0.3640625 0.4453125 0.0140625 0.03515625
0 0.5421875 0.435546875 0.0203125 0.044921875
0 0.5671875 0.423828125 0.01875 0.05859375
0 0.578125 0.4296875 0.01875 0.05078125
0 0.59375 0.427734375 0.01875 0.056640625
