0 0.859375 0.4453125 0.021875 0.09375
0 0.8796875 0.4609375 0.0203125 0.076171875
0 0.840625 0.44140625 0.0203125 0.09765625
0 0.8140625 0.439453125 0.01875 0.10546875
0 0.7890625 0.447265625 0.0234375 0.091796875
0 0.7671875 0.44921875 0.0234375 0.087890625
0 0.753125 0.44921875 0.0203125 0.08203125
0 0.7390625 0.44921875 0.0203125 0.08203125
0 0.6984375 0.455078125 0.021875 0.0703125
0 0.66875 0.4453125 0.01875 0.0546875
0 0.6546875 0.46875 0.01875 0.052734375
0 0.63125 0.453125 0.01875 0.0390625
0 0.6171875 0.4453125 0.01875 0.04296875
