0 0.2265625 0.390625 0.0203125 0.072265625
0 0.246875 0.384765625 0.021875 0.07421875
0 0.725 0.423828125 0.0671875 0.1875
0 0.6734375 0.408203125 0.078125 0.203125
0 0.6234375 0.404296875 0.0453125 0.126953125
0 0.584375 0.421875 0.05625 0.1953125
0 0.525 0.412109375 0.0578125 0.1875
0 0.48125 0.400390625 0.0265625 0.06640625
0 0.4734375 0.412109375 0.084375 0.18359375
0 0.4328125 0.42578125 0.0546875 0.171875
0 0.4296875 0.3984375 0.04375 0.076171875
0 0.3671875 0.423828125 0.0625 0.16796875
0 0.365625 0.400390625 0.0328125 0.09375
0 0.309375 0.40234375 0.0578125 0.162109375
0 0.2921875 0.404296875 0.0125 0.03515625
