0 0.653125 0.4140625 0.0265625 0.10546875
0 0.6375 0.427734375 0.0234375 0.08203125
0 0.60625 0.427734375 0.0203125 0.078125
0 0.5921875 0.427734375 0.0203125 0.060546875
0 0.5734375 0.435546875 0.0203125 0.052734375
0 0.540625 0.43359375 0.0203125 0.044921875
0 0.371875 0.447265625 0.0109375 0.029296875
0 0.375 0.4453125 0.0109375 0.03125
0 0.3625 0.447265625 0.0109375 0.029296875
0 0.3578125 0.447265625 0.009375 0.029296875
0 0.159375 0.45703125 0.01875 0.046875
0 0.1171875 0.470703125 0.0203125 0.033203125
