0 0.403125 0.423828125 0.028125 0.09375
0 0.4296875 0.421875 0.03125 0.099609375
0 0.4515625 0.439453125 0.1375 0.291015625
0 0.7328125 0.38671875 0.125 0.365234375
0 0.8390625 0.37890625 0.0734375 0.26171875
0 0.7296875 0.392578125 0.0609375 0.15625
0 0.9078125 0.36328125 0.090625 0.369140625
0 0.50625 0.41796875 0.0296875 0.060546875
0 0.378125 0.431640625 0.015625 0.0390625
0 0.1203125 0.435546875 0.0125 0.03515625
0 0.128125 0.4375 0.0125 0.02734375
0 0.18125 0.443359375 0.0203125 0.03515625
