0 0.853125 0.408203125 0.04375 0.1328125
0 0.815625 0.42578125 0.0375 0.111328125
0 0.015625 0.423828125 0.0328125 0.044921875
0 0.378125 0.455078125 0.0109375 0.029296875
0 0.4671875 0.443359375 0.0078125 0.03515625
0 0.3515625 0.439453125 0.0140625 0.03515625
0 0.3328125 0.443359375 0.0109375 0.03515625
0 0.325 0.439453125 0.009375 0.03125
0 0.2875 0.439453125 0.0140625 0.052734375
0 0.2140625 0.439453125 0.0125 0.0703125
0 0.103125 0.412109375 0.05 0.119140625
0 0.084375 0.44140625 0.0203125 0.052734375
