0 0.7671875 0.427734375 0.0265625 0.072265625
0 0.70625 0.423828125 0.0265625 0.076171875
0 0.2015625 0.40625 0.034375 0.078125
0 0.103125 0.421875 0.0625 0.13671875
0 0.128125 0.490234375 0.125 0.26171875
0 0.928125 0.427734375 0.0703125 0.19921875
0 0.6765625 0.42578125 0.01875 0.068359375
0 0.0296875 0.408203125 0.025 0.0390625
0 0.053125 0.42578125 0.021875 0.02734375
0 0.06875 0.42578125 0.0203125 0.025390625
0 0.834375 0.423828125 0.03125 0.033203125
0 0.165625 0.423828125 0.0203125 0.0546875
