0 0.25 0.47265625 0.0171875 0.037109375
0 0.240625 0.4765625 0.0125 0.03515625
0 0.2 0.46875 0.015625 0.05078125
0 0.178125 0.46875 0.0125 0.05078125
0 0.1703125 0.4765625 0.0109375 0.04296875
0 0.153125 0.466796875 0.0125 0.052734375
0 0.1390625 0.470703125 0.0125 0.052734375
0 0.128125 0.46875 0.0109375 0.056640625
0 0.1125 0.470703125 0.0125 0.0546875
0 0.0953125 0.46875 0.0125 0.0625
0 0.0765625 0.466796875 0.015625 0.06640625
0 0.0609375 0.47265625 0.0125 0.060546875
0 0.046875 0.46875 0.0140625 0.06640625
0 0.021875 0.46875 0.015625 0.0703125
