0 0.915625 0.44140625 0.034375 0.154296875
0 0.890625 0.447265625 0.028125 0.1328125
0 0.8578125 0.453125 0.03125 0.13671875
0 0.81875 0.4609375 0.021875 0.09375
0 0.7921875 0.470703125 0.025 0.08984375
0 0.7640625 0.47265625 0.021875 0.095703125
0 0.7421875 0.46484375 0.0203125 0.091796875
0 0.725 0.47265625 0.0171875 0.083984375
0 0.703125 0.466796875 0.0171875 0.087890625
0 0.66875 0.462890625 0.015625 0.06640625
0 0.609375 0.458984375 0.0125 0.0546875
0 0.5890625 0.45703125 0.0125 0.048828125
0 0.6421875 0.455078125 0.0140625 0.0546875
0 0.5625 0.439453125 0.0109375 0.0390625
0 0.35625 0.462890625 0.0125 0.05859375
0 0.9484375 0.443359375 0.0390625 0.15234375
0 0.21875 0.458984375 0.0125 0.05859375
0 0.190625 0.462890625 0.01875 0.0625
0 0.175 0.46484375 0.01875 0.060546875
0 0.1140625 0.46484375 0.0171875 0.04296875
0 0.1015625 0.46484375 0.015625 0.041015625
0 0.0515625 0.490234375 0.0265625 0.08203125
0 0.5296875 0.439453125 0.0140625 0.0390625
0 0.7265625 0.443359375 0.01875 0.029296875
0 0.7125 0.4453125 0.0140625 0.02734375
0 0.6953125 0.447265625 0.015625 0.03515625
0 0.8078125 0.431640625 0.0125 0.0390625
0 0.79375 0.43359375 0.0125 0.037109375
