0 0.53125 0.439453125 0.021875 0.060546875
0 0.51875 0.44140625 0.0203125 0.056640625
0 0.390625 0.439453125 0.0265625 0.068359375
0 0.2140625 0.421875 0.0234375 0.087890625
0 0.178125 0.416015625 0.0203125 0.10546875
0 0.146875 0.412109375 0.0265625 0.11328125
0 0.0796875 0.4140625 0.046875 0.115234375
0 0.040625 0.412109375 0.034375 0.115234375
0 0.5 0.443359375 0.0125 0.03515625
0 0.4890625 0.44140625 0.0109375 0.03515625
0 0.3125 0.427734375 0.0234375 0.052734375
0 0.9703125 0.466796875 0.0265625 0.052734375
0 0.425 0.4375 0.015625 0.03125
0 0.1984375 0.4375 0.01875 0.06640625
0 0.6828125 0.4375 0.01875 0.029296875
0 0.746875 0.435546875 0.0203125 0.0234375
