0 0.475 0.396484375 0.0609375 0.197265625
0 0.7078125 0.3984375 0.065625 0.1640625
0 0.6546875 0.435546875 0.046875 0.07421875
0 0.61875 0.44140625 0.078125 0.115234375
0 0.846875 0.36328125 0.0625 0.07421875
0 0.7828125 0.4375 0.0421875 0.15625
0 0.8328125 0.435546875 0.0765625 0.162109375
0 0.43125 0.435546875 0.0203125 0.06640625
0 0.59375 0.44140625 0.0328125 0.078125
0 0.5375 0.45703125 0.034375 0.064453125
0 0.971875 0.37109375 0.0265625 0.068359375
0 0.91875 0.43359375 0.0734375 0.166015625
