0 0.9171875 0.396484375 0.0125 0.05078125
0 0.9046875 0.39453125 0.0125 0.02734375
0 0.93125 0.3984375 0.009375 0.03515625
0 0.875 0.3984375 0.0078125 0.03125
0 0.859375 0.404296875 0.0125 0.041015625
0 0.8265625 0.41015625 0.0109375 0.037109375
0 0.8125 0.408203125 0.0125 0.04296875
0 0.7953125 0.412109375 0.0140625 0.03125
0 0.78125 0.412109375 0.0109375 0.041015625
0 0.790625 0.443359375 0.025 0.091796875
0 0.740625 0.39453125 0.0140625 0.046875
0 0.7328125 0.3984375 0.009375 0.03125
0 0.7171875 0.40625 0.009375 0.029296875
0 0.7015625 0.390625 0.0109375 0.02734375
0 0.7125 0.42578125 0.0109375 0.021484375
0 0.7015625 0.4296875 0.0109375 0.01953125
0 0.7015625 0.443359375 0.01875 0.0859375
0 0.69375 0.443359375 0.0125 0.05859375
0 0.6765625 0.427734375 0.0109375 0.01953125
0 0.678125 0.4453125 0.0171875 0.08203125
0 0.6703125 0.44140625 0.0109375 0.052734375
0 0.6515625 0.43359375 0.0203125 0.0703125
0 0.634375 0.43359375 0.01875 0.07421875
0 0.6203125 0.4375 0.015625 0.056640625
0 0.61875 0.412109375 0.0125 0.01953125
0 0.6 0.427734375 0.0203125 0.0546875
0 0.584375 0.431640625 0.0203125 0.060546875
0 0.565625 0.41015625 0.01875 0.046875
0 0.5546875 0.4140625 0.01875 0.04296875
0 0.5484375 0.416015625 0.009375 0.044921875
0 0.540625 0.4140625 0.0078125 0.046875
0 0.528125 0.421875 0.0109375 0.037109375
0 0.146875 0.44140625 0.021875 0.025390625
0 0.0703125 0.431640625 0.01875 0.064453125
0 0.9578125 0.435546875 0.034375 0.166015625
0 0.9375 0.42578125 0.0296875 0.162109375
0 0.0390625 0.44921875 0.0234375 0.0703125
