0 0.0578125 0.38671875 0.05 0.09375
0 0.109375 0.396484375 0.0375 0.083984375
0 0.1875 0.38671875 0.0421875 0.11328125
0 0.2671875 0.38671875 0.03125 0.083984375
0 0.3484375 0.3828125 0.0296875 0.107421875
0 0.5078125 0.38671875 0.03125 0.078125
0 0.4734375 0.396484375 0.028125 0.072265625
0 0.434375 0.40234375 0.034375 0.076171875
0 0.4015625 0.3828125 0.03125 0.076171875
0 0.3890625 0.396484375 0.0234375 0.056640625
0 0.23125 0.41015625 0.0265625 0.0390625
0 0.2421875 0.408203125 0.0328125 0.052734375
0 0.153125 0.400390625 0.03125 0.060546875
0 0.3234375 0.408203125 0.03125 0.0390625
0 0.2875 0.40625 0.0296875 0.044921875
