0 0.2296875 0.390625 0.021875 0.06640625
0 0.259375 0.390625 0.0515625 0.150390625
0 0.3 0.41015625 0.046875 0.15625
0 0.3484375 0.404296875 0.05625 0.16796875
0 0.390625 0.41015625 0.04375 0.150390625
0 0.4453125 0.416015625 0.05 0.177734375
0 0.4875 0.412109375 0.0375 0.138671875
0 0.5234375 0.40234375 0.046875 0.197265625
0 0.5640625 0.423828125 0.0578125 0.171875
0 0.73125 0.412109375 0.10625 0.212890625
0 0.790625 0.412109375 0.059375 0.197265625
0 0.2484375 0.380859375 0.0234375 0.072265625
