0 0.9546875 0.38671875 0.034375 0.189453125
0 0.934375 0.40234375 0.0234375 0.10546875
0 0.9125 0.404296875 0.0265625 0.1015625
0 0.884375 0.40234375 0.0375 0.146484375
0 0.853125 0.421875 0.0265625 0.107421875
0 0.8296875 0.408203125 0.0265625 0.12109375
0 0.8046875 0.435546875 0.0234375 0.078125
0 0.7890625 0.427734375 0.01875 0.05078125
0 0.771875 0.4375 0.0203125 0.08984375
0 0.734375 0.41796875 0.025 0.083984375
0 0.71875 0.408203125 0.0234375 0.078125
0 0.7046875 0.431640625 0.025 0.076171875
0 0.6921875 0.4296875 0.025 0.05859375
0 0.6671875 0.43359375 0.021875 0.06640625
