0 0.7421875 0.421875 0.0265625 0.083984375
0 0.7140625 0.427734375 0.0265625 0.0859375
0 0.3765625 0.44140625 0.0265625 0.068359375
0 0.2875 0.427734375 0.0203125 0.0625
0 0.871875 0.453125 0.0328125 0.119140625
0 0.9 0.45703125 0.025 0.10546875
0 0.9234375 0.453125 0.0265625 0.109375
0 0.94375 0.458984375 0.021875 0.10546875
0 0.303125 0.4296875 0.0203125 0.064453125
0 0.3328125 0.431640625 0.01875 0.05078125
0 0.48125 0.439453125 0.0125 0.02734375
0 0.496875 0.44140625 0.0125 0.025390625
0 0.665625 0.4296875 0.0296875 0.05078125
0 0.7015625 0.431640625 0.0203125 0.083984375
