0 0.128125 0.41015625 0.025 0.08984375
0 0.15 0.41015625 0.028125 0.0859375
0 0.3015625 0.4296875 0.021875 0.052734375
0 0.5953125 0.4296875 0.0296875 0.09765625
0 0.634375 0.439453125 0.025 0.08203125
0 0.7140625 0.44140625 0.01875 0.072265625
0 0.8265625 0.447265625 0.028125 0.09375
0 0.8546875 0.439453125 0.028125 0.08203125
0 0.9296875 0.447265625 0.0359375 0.0859375
0 0.9671875 0.447265625 0.0296875 0.083984375
0 0.31875 0.431640625 0.0203125 0.0546875
0 0.3296875 0.43359375 0.01875 0.052734375
0 0.659375 0.439453125 0.01875 0.046875
0 0.690625 0.4375 0.0234375 0.0703125
0 0.728125 0.439453125 0.01875 0.064453125
0 0.7390625 0.44140625 0.01875 0.068359375
0 0.753125 0.443359375 0.0234375 0.068359375
0 0.775 0.4453125 0.025 0.046875
