0 0.2796875 0.46875 0.0125 0.037109375
0 0.26875 0.47265625 0.0109375 0.03515625
0 0.253125 0.46875 0.0109375 0.037109375
0 0.2453125 0.46875 0.0109375 0.0390625
0 0.23125 0.46875 0.0140625 0.044921875
0 0.209375 0.462890625 0.015625 0.052734375
0 0.196875 0.46484375 0.0125 0.048828125
0 0.18125 0.462890625 0.0140625 0.052734375
0 0.165625 0.4609375 0.0140625 0.056640625
0 0.1546875 0.46875 0.0109375 0.048828125
0 0.14375 0.466796875 0.0109375 0.05078125
0 0.1296875 0.4765625 0.0125 0.041015625
0 0.1109375 0.466796875 0.0140625 0.048828125
0 0.0875 0.470703125 0.0140625 0.048828125
0 0.0671875 0.4609375 0.015625 0.06640625
0 0.0546875 0.462890625 0.0125 0.0625
0 0.04375 0.462890625 0.0109375 0.0625
0 0.0296875 0.462890625 0.0140625 0.068359375
0 0.0078125 0.4609375 0.0171875 0.07421875
0 0.0 0.46875 0.009375 0.0703125
