0 0.19375 0.44140625 0.025 0.068359375
0 0.171875 0.435546875 0.021875 0.072265625
0 0.6078125 0.443359375 0.021875 0.064453125
0 0.6671875 0.44140625 0.0390625 0.138671875
0 0.321875 0.443359375 0.01875 0.02734375
0 0.6265625 0.4453125 0.01875 0.0546875
0 0.65625 0.443359375 0.01875 0.0546875
0 0.6421875 0.4453125 0.01875 0.056640625
0 0.7265625 0.4453125 0.0234375 0.078125
0 0.8140625 0.443359375 0.021875 0.109375
0 0.8453125 0.447265625 0.025 0.0859375
0 0.865625 0.4453125 0.03125 0.115234375
0 0.7578125 0.447265625 0.0546875 0.11328125
0 0.8875 0.4375 0.040625 0.154296875
0 0.9234375 0.443359375 0.03125 0.140625
0 0.9453125 0.443359375 0.03125 0.13671875
0 0.1625 0.431640625 0.0203125 0.076171875
