0 0.2203125 0.384765625 0.0203125 0.068359375
0 0.2484375 0.375 0.0234375 0.08203125
0 0.3625 0.39453125 0.059375 0.201171875
0 0.4046875 0.404296875 0.0578125 0.18359375
0 0.48125 0.38671875 0.0296875 0.064453125
0 0.45 0.41015625 0.078125 0.1953125
0 0.521875 0.396484375 0.0328125 0.087890625
0 0.5140625 0.41796875 0.0703125 0.189453125
0 0.5828125 0.40625 0.0953125 0.21484375
0 0.6515625 0.40234375 0.05625 0.212890625
0 0.7171875 0.41796875 0.053125 0.197265625
0 0.753125 0.416015625 0.0796875 0.23828125
0 0.8234375 0.3984375 0.0796875 0.2265625
0 0.871875 0.416015625 0.0734375 0.203125
