0 0.9015625 0.458984375 0.0140625 0.10546875
0 0.8734375 0.421875 0.03125 0.140625
0 0.853125 0.4296875 0.0203125 0.12890625
0 0.8140625 0.4375 0.025 0.119140625
0 0.784375 0.458984375 0.025 0.091796875
0 0.696875 0.45703125 0.01875 0.060546875
0 0.665625 0.443359375 0.021875 0.087890625
0 0.6546875 0.4609375 0.0125 0.060546875
0 0.6421875 0.466796875 0.0140625 0.048828125
0 0.628125 0.474609375 0.015625 0.041015625
0 0.6109375 0.466796875 0.0140625 0.046875
0 0.5875 0.4609375 0.015625 0.048828125
