0 0.7046875 0.4453125 0.0140625 0.03515625
0 0.2828125 0.443359375 0.015625 0.037109375
0 0.203125 0.4453125 0.01875 0.046875
0 0.18125 0.4453125 0.0203125 0.04296875
0 0.16875 0.44140625 0.0203125 0.05078125
0 0.115625 0.443359375 0.01875 0.02734375
0 0.103125 0.46875 0.0265625 0.052734375
0 0.090625 0.4453125 0.021875 0.03125
0 0.071875 0.443359375 0.0203125 0.03125
0 0.0625 0.443359375 0.01875 0.02734375
0 0.040625 0.443359375 0.0203125 0.03515625
0 0.0140625 0.4453125 0.0203125 0.029296875
0 0.071875 0.478515625 0.0234375 0.046875
0 0.0546875 0.486328125 0.021875 0.0390625
0 0.0125 0.484375 0.021875 0.037109375
