0 0.7140625 0.41796875 0.0375 0.12109375
0 0.6875 0.404296875 0.034375 0.134765625
0 0.659375 0.4140625 0.03125 0.1015625
0 0.6328125 0.421875 0.0265625 0.095703125
0 0.159375 0.458984375 0.01875 0.044921875
0 0.3578125 0.453125 0.0171875 0.025390625
0 0.3765625 0.4453125 0.0109375 0.03515625
0 0.5734375 0.431640625 0.0234375 0.064453125
0 0.5921875 0.4296875 0.021875 0.064453125
0 0.540625 0.4375 0.01875 0.044921875
0 0.1171875 0.47265625 0.0203125 0.03125
0 0.103125 0.4609375 0.0203125 0.056640625
