0 0.653125 0.4140625 0.021875 0.08203125
0 0.640625 0.41796875 0.01875 0.09765625
0 0.2765625 0.453125 0.0125 0.03515625
0 0.2703125 0.455078125 0.009375 0.029296875
0 0.25625 0.44921875 0.0109375 0.0390625
0 0.31875 0.455078125 0.009375 0.029296875
0 0.3046875 0.455078125 0.009375 0.02734375
0 0.2953125 0.458984375 0.009375 0.025390625
0 0.2296875 0.44921875 0.0140625 0.046875
0 0.2140625 0.45703125 0.0125 0.041015625
0 0.196875 0.455078125 0.0125 0.0390625
0 0.0515625 0.45703125 0.0203125 0.02734375
