0 0.1375 0.43359375 0.0296875 0.0703125
0 0.103125 0.42578125 0.0375 0.078125
0 0.6015625 0.44140625 0.021875 0.0546875
0 0.6296875 0.443359375 0.040625 0.125
0 0.653125 0.4765625 0.05 0.109375
0 0.75625 0.44921875 0.053125 0.119140625
0 0.8625 0.447265625 0.028125 0.115234375
0 0.90625 0.447265625 0.040625 0.14453125
0 0.9296875 0.439453125 0.0625 0.1875
0 0.2828125 0.4375 0.0203125 0.03125
0 0.5890625 0.44140625 0.021875 0.056640625
0 0.715625 0.4453125 0.01875 0.076171875
0 0.821875 0.4375 0.03125 0.1328125
