0 0.6921875 0.408203125 0.034375 0.134765625
0 0.6546875 0.400390625 0.040625 0.15234375
0 0.446875 0.421875 0.025 0.091796875
0 0.4125 0.43359375 0.0328125 0.078125
0 0.1671875 0.38671875 0.0734375 0.259765625
0 0.565625 0.427734375 0.0203125 0.056640625
0 0.5890625 0.42578125 0.0203125 0.064453125
0 0.60625 0.427734375 0.0234375 0.064453125
0 0.1625 0.4609375 0.0125 0.044921875
0 0.1171875 0.46875 0.0203125 0.037109375
0 0.1046875 0.46484375 0.0203125 0.0546875
0 0.34375 0.44921875 0.0125 0.029296875
0 0.3578125 0.44921875 0.0125 0.029296875
0 0.3765625 0.447265625 0.0125 0.029296875
