0 0.546875 0.44140625 0.0203125 0.0546875
0 0.5296875 0.4453125 0.021875 0.0546875
0 0.2484375 0.421875 0.0265625 0.078125
0 0.2140625 0.41796875 0.0265625 0.09375
0 0.1921875 0.41796875 0.0234375 0.09375
0 0.1484375 0.416015625 0.0328125 0.09375
0 0.1203125 0.416015625 0.0296875 0.095703125
0 0.109375 0.400390625 0.03125 0.037109375
0 0.4125 0.44140625 0.01875 0.052734375
0 0.490625 0.44140625 0.0171875 0.037109375
0 0.515625 0.44140625 0.0140625 0.037109375
0 0.50625 0.44140625 0.0140625 0.041015625
0 0.425 0.43359375 0.01875 0.037109375
0 0.3296875 0.4296875 0.01875 0.044921875
0 0.884375 0.447265625 0.021875 0.04296875
