0 0.934375 0.365234375 0.05 0.1484375
0 0.7890625 0.384765625 0.0234375 0.095703125
0 0.7765625 0.37890625 0.0203125 0.107421875
0 0.75 0.38671875 0.0234375 0.1171875
0 0.7328125 0.39453125 0.01875 0.09375
0 0.7203125 0.404296875 0.0203125 0.076171875
0 0.703125 0.404296875 0.021875 0.078125
0 0.6921875 0.40625 0.01875 0.072265625
0 0.6765625 0.3984375 0.0203125 0.08203125
0 0.6640625 0.40625 0.0203125 0.07421875
0 0.6484375 0.404296875 0.01875 0.07421875
0 0.6328125 0.4140625 0.01875 0.060546875
0 0.6125 0.4140625 0.0234375 0.056640625
0 0.5484375 0.423828125 0.021875 0.06640625
0 0.5125 0.44921875 0.01875 0.0390625
0 0.221875 0.4609375 0.01875 0.044921875
0 0.178125 0.4453125 0.0203125 0.060546875
0 0.159375 0.443359375 0.021875 0.0625
0 0.1140625 0.4375 0.021875 0.072265625
0 0.090625 0.4375 0.0234375 0.072265625
