0 0.61875 0.42578125 0.0203125 0.087890625
0 0.6390625 0.41796875 0.0203125 0.08984375
0 0.659375 0.41796875 0.0328125 0.107421875
0 0.684375 0.421875 0.034375 0.1015625
0 0.5421875 0.439453125 0.0140625 0.04296875
0 0.571875 0.43359375 0.0171875 0.056640625
0 0.5921875 0.427734375 0.0203125 0.0625
0 0.159375 0.45703125 0.01875 0.04296875
0 0.1171875 0.470703125 0.0203125 0.03515625
0 0.1046875 0.46484375 0.01875 0.0546875
0 0.3578125 0.453125 0.0109375 0.0234375
0 0.375 0.447265625 0.0109375 0.029296875
0 0.36875 0.44921875 0.0109375 0.025390625
