0 0.1546875 0.45703125 0.0203125 0.046875
0 0.1171875 0.46875 0.0203125 0.03515625
0 0.1015625 0.466796875 0.0203125 0.0546875
0 0.009375 0.45703125 0.0359375 0.0859375
0 0.5421875 0.435546875 0.01875 0.046875
0 0.634375 0.431640625 0.015625 0.044921875
0 0.6453125 0.42578125 0.01875 0.05078125
0 0.5671875 0.435546875 0.0203125 0.044921875
0 0.584375 0.43359375 0.025 0.0703125
0 0.6078125 0.427734375 0.028125 0.07421875
0 0.6984375 0.412109375 0.059375 0.15234375
0 0.7546875 0.400390625 0.0375 0.1640625
0 0.8078125 0.376953125 0.071875 0.236328125
0 0.8734375 0.396484375 0.0671875 0.21875
0 0.0 0.4609375 0.0171875 0.078125
