0 0.9125 0.3828125 0.0140625 0.0546875
0 0.896875 0.3828125 0.0109375 0.025390625
0 0.8796875 0.39453125 0.0125 0.0546875
0 0.84375 0.396484375 0.0140625 0.04296875
0 0.83125 0.39453125 0.015625 0.046875
0 0.7921875 0.400390625 0.0234375 0.0625
0 0.775 0.40625 0.0203125 0.056640625
0 0.7515625 0.37890625 0.0125 0.044921875
0 0.71875 0.390625 0.0171875 0.04296875
0 0.7390625 0.416015625 0.0140625 0.021484375
0 0.7421875 0.4296875 0.028125 0.10546875
0 0.7171875 0.439453125 0.025 0.091796875
0 0.7046875 0.416015625 0.0140625 0.068359375
0 0.684375 0.427734375 0.0203125 0.078125
0 0.675 0.4140625 0.0125 0.01953125
0 0.6640625 0.431640625 0.021875 0.08203125
0 0.65625 0.404296875 0.0125 0.02734375
0 0.6484375 0.404296875 0.0109375 0.01953125
0 0.6390625 0.40625 0.0109375 0.0234375
0 0.6515625 0.4296875 0.0125 0.052734375
0 0.621875 0.4296875 0.03125 0.076171875
0 0.6296875 0.400390625 0.009375 0.0234375
0 0.6171875 0.396484375 0.015625 0.025390625
0 0.59375 0.392578125 0.009375 0.03515625
0 0.58125 0.39453125 0.0109375 0.03515625
0 0.5703125 0.40234375 0.009375 0.044921875
0 0.55 0.40234375 0.0109375 0.044921875
0 0.5328125 0.40625 0.0109375 0.0390625
0 0.13125 0.427734375 0.0171875 0.046875
0 0.121875 0.427734375 0.0140625 0.046875
0 0.86875 0.43359375 0.028125 0.107421875
