0 0.9171875 0.443359375 0.0265625 0.13671875
0 0.8984375 0.4453125 0.028125 0.146484375
0 0.8734375 0.453125 0.028125 0.134765625
0 0.8390625 0.45703125 0.03125 0.107421875
0 0.81875 0.45703125 0.0234375 0.125
0 0.7703125 0.46875 0.0265625 0.1015625
0 0.74375 0.462890625 0.025 0.109375
0 0.0140625 0.470703125 0.0234375 0.09375
0 0.728125 0.46875 0.0171875 0.0859375
0 0.7 0.47265625 0.0296875 0.08984375
0 0.6765625 0.462890625 0.015625 0.06640625
0 0.6375 0.45703125 0.0140625 0.06640625
0 0.596875 0.447265625 0.0125 0.0625
0 0.58125 0.44140625 0.0140625 0.044921875
0 0.5640625 0.4375 0.009375 0.037109375
0 0.553125 0.4375 0.0109375 0.0390625
0 0.9453125 0.431640625 0.040625 0.162109375
0 0.9875 0.443359375 0.0109375 0.15625
0 0.3203125 0.458984375 0.01875 0.0546875
0 0.2140625 0.455078125 0.0109375 0.0546875
0 0.1875 0.458984375 0.0140625 0.0546875
0 0.171875 0.458984375 0.0171875 0.05859375
0 0.0828125 0.45703125 0.015625 0.044921875
0 0.075 0.462890625 0.0125 0.03515625
0 0.6515625 0.45703125 0.01875 0.044921875
0 0.6125 0.46484375 0.0203125 0.0546875
0 0.7953125 0.46484375 0.0234375 0.091796875
0 0.7296875 0.439453125 0.0140625 0.029296875
