0 0.84375 0.4140625 0.0234375 0.12890625
0 0.93125 0.421875 0.0421875 0.1328125
0 0.959375 0.42578125 0.0390625 0.1484375
0 0.7984375 0.435546875 0.0234375 0.08984375
0 0.7421875 0.43359375 0.028125 0.095703125
0 0.328125 0.4296875 0.0421875 0.08984375
0 0.2875 0.423828125 0.0359375 0.087890625
0 0.075 0.408203125 0.03125 0.099609375
0 0.109375 0.41015625 0.021875 0.0859375
0 0.4546875 0.431640625 0.01875 0.046875
0 0.4390625 0.43359375 0.0203125 0.04296875
0 0.590625 0.43359375 0.01875 0.046875
0 0.478125 0.435546875 0.0171875 0.037109375
0 0.865625 0.435546875 0.028125 0.068359375
0 0.6625 0.4453125 0.021875 0.025390625
0 0.39375 0.431640625 0.01875 0.033203125
