0 0.846875 0.40625 0.03125 0.1171875
0 0.80625 0.4140625 0.03125 0.11328125
0 0.74375 0.423828125 0.0234375 0.08203125
0 0.765625 0.42578125 0.0109375 0.04296875
0 0.6703125 0.431640625 0.021875 0.056640625
0 0.65625 0.431640625 0.015625 0.05078125
0 0.64375 0.42578125 0.01875 0.056640625
0 0.634375 0.435546875 0.0109375 0.044921875
0 0.615625 0.4375 0.0203125 0.060546875
0 0.5921875 0.435546875 0.0203125 0.056640625
0 0.528125 0.443359375 0.0171875 0.03515625
0 0.1421875 0.458984375 0.01875 0.048828125
0 0.1546875 0.4609375 0.0125 0.046875
