0 0.875 0.365234375 0.05625 0.234375
0 0.815625 0.390625 0.059375 0.224609375
0 0.7828125 0.392578125 0.0328125 0.16015625
0 0.7515625 0.3828125 0.053125 0.20703125
0 0.725 0.396484375 0.0359375 0.0625
0 0.6859375 0.38671875 0.059375 0.212890625
0 0.6421875 0.396484375 0.0546875 0.177734375
0 0.453125 0.43359375 0.0203125 0.064453125
0 0.225 0.458984375 0.01875 0.052734375
0 0.1140625 0.474609375 0.021875 0.033203125
0 0.0953125 0.46875 0.025 0.05078125
0 0.609375 0.431640625 0.028125 0.0703125
0 0.5453125 0.43359375 0.021875 0.046875
