0 0.9390625 0.38671875 0.009375 0.04296875
0 0.928125 0.384765625 0.0109375 0.0546875
0 0.8875 0.392578125 0.0125 0.046875
0 0.8765625 0.392578125 0.009375 0.029296875
0 0.859375 0.3984375 0.0078125 0.044921875
0 0.834375 0.396484375 0.0109375 0.044921875
0 0.821875 0.400390625 0.0125 0.04296875
0 0.78125 0.3828125 0.009375 0.025390625
0 0.775 0.3828125 0.009375 0.02734375
0 0.7921875 0.40234375 0.015625 0.0546875
0 0.7796875 0.40625 0.0125 0.056640625
0 0.75625 0.3828125 0.009375 0.025390625
0 0.7453125 0.3828125 0.0125 0.05078125
0 0.7296875 0.380859375 0.0109375 0.041015625
0 0.721875 0.39453125 0.009375 0.02734375
0 0.7046875 0.37890625 0.0109375 0.03515625
0 0.81875 0.44140625 0.03125 0.099609375
0 0.715625 0.41796875 0.009375 0.015625
0 0.7203125 0.43359375 0.0234375 0.091796875
0 0.6890625 0.427734375 0.0140625 0.060546875
0 0.7 0.44140625 0.0171875 0.0859375
0 0.675 0.423828125 0.0125 0.01953125
0 0.66875 0.4296875 0.01875 0.078125
0 0.646875 0.4296875 0.021875 0.078125
0 0.640625 0.41796875 0.009375 0.025390625
0 0.6265625 0.4453125 0.01875 0.056640625
0 0.615625 0.41796875 0.0109375 0.021484375
0 0.6140625 0.4375 0.0140625 0.048828125
0 0.59375 0.421875 0.01875 0.0625
0 0.5828125 0.3984375 0.009375 0.037109375
0 0.5671875 0.40234375 0.0140625 0.048828125
0 0.5546875 0.41015625 0.0140625 0.04296875
0 0.546875 0.40625 0.0125 0.04296875
0 0.5328125 0.4140625 0.0125 0.037109375
0 0.1609375 0.431640625 0.0078125 0.0625
0 0.1421875 0.439453125 0.015625 0.06640625
0 0.140625 0.435546875 0.009375 0.03515625
0 0.959375 0.3828125 0.015625 0.05859375
