0 0.271875 0.43359375 0.0234375 0.068359375
0 0.29375 0.427734375 0.021875 0.076171875
0 0.321875 0.4296875 0.0203125 0.064453125
0 0.378125 0.427734375 0.03125 0.052734375
0 0.38125 0.4453125 0.0296875 0.09375
0 0.425 0.427734375 0.0265625 0.10546875
0 0.453125 0.431640625 0.0265625 0.103515625
0 0.49375 0.431640625 0.0328125 0.09765625
0 0.7328125 0.40625 0.04375 0.16796875
0 0.7703125 0.384765625 0.034375 0.19140625
0 0.60625 0.423828125 0.05 0.103515625
0 0.3390625 0.431640625 0.03125 0.08984375
