0 0.8625 0.416015625 0.115625 0.2578125
0 0.8171875 0.36328125 0.05625 0.08203125
0 0.6828125 0.4296875 0.040625 0.1328125
0 0.7296875 0.4375 0.046875 0.099609375
0 0.76875 0.443359375 0.05 0.115234375
0 0.6 0.39453125 0.065625 0.193359375
0 0.5578125 0.443359375 0.046875 0.0859375
0 0.4421875 0.384765625 0.046875 0.1640625
0 0.0 0.3515625 0.1 0.345703125
0 0.39375 0.41796875 0.028125 0.07421875
0 0.4890625 0.443359375 0.0359375 0.056640625
0 0.5078125 0.400390625 0.028125 0.056640625
0 0.753125 0.384765625 0.0453125 0.056640625
