0 0.9140625 0.427734375 0.0328125 0.1640625
0 0.8765625 0.451171875 0.034375 0.119140625
0 0.840625 0.447265625 0.0390625 0.150390625
0 0.7890625 0.46484375 0.025 0.109375
0 0.815625 0.466796875 0.0125 0.107421875
0 0.7671875 0.4609375 0.0234375 0.10546875
0 0.7515625 0.466796875 0.0140625 0.08984375
0 0.725 0.46484375 0.028125 0.10546875
0 0.6953125 0.458984375 0.015625 0.080078125
0 0.6765625 0.443359375 0.015625 0.04296875
0 0.6609375 0.44140625 0.0140625 0.044921875
0 0.646875 0.455078125 0.0140625 0.068359375
0 0.6265625 0.458984375 0.0140625 0.04296875
0 0.6171875 0.44921875 0.009375 0.05859375
0 0.603125 0.44921875 0.009375 0.05078125
0 0.5640625 0.435546875 0.009375 0.03515625
0 0.9671875 0.427734375 0.03125 0.177734375
0 0.2703125 0.462890625 0.0109375 0.05859375
0 0.2625 0.466796875 0.009375 0.044921875
0 0.2015625 0.455078125 0.0171875 0.052734375
0 0.18125 0.45703125 0.015625 0.0546875
0 0.165625 0.4609375 0.0140625 0.0546875
0 0.703125 0.44140625 0.0171875 0.046875
0 0.6890625 0.44140625 0.0140625 0.046875
0 0.7328125 0.4375 0.015625 0.02734375
0 0.7453125 0.4375 0.0140625 0.029296875
0 0.5546875 0.4375 0.0109375 0.029296875
0 0.9453125 0.439453125 0.021875 0.052734375
