0 0.103125 0.439453125 0.021875 0.08203125
0 0.13125 0.4296875 0.0265625 0.091796875
0 0.759375 0.431640625 0.028125 0.12109375
0 0.7375 0.421875 0.0203125 0.087890625
0 0.6921875 0.431640625 0.028125 0.0859375
0 0.703125 0.4140625 0.053125 0.228515625
0 0.284375 0.4375 0.0171875 0.0234375
0 0.2625 0.427734375 0.0171875 0.029296875
0 0.2484375 0.435546875 0.0203125 0.056640625
0 0.2328125 0.431640625 0.01875 0.060546875
0 0.653125 0.443359375 0.0203125 0.048828125
0 0.64375 0.443359375 0.0125 0.048828125
0 0.634375 0.44140625 0.0140625 0.048828125
