0 0.075 0.427734375 0.0296875 0.078125
0 0.05 0.427734375 0.0296875 0.078125
0 0.575 0.4375 0.021875 0.0625
0 0.596875 0.4375 0.040625 0.126953125
0 0.634375 0.48828125 0.0609375 0.111328125
0 0.7484375 0.44140625 0.0546875 0.134765625
0 0.828125 0.435546875 0.0375 0.162109375
0 0.8953125 0.4375 0.046875 0.1640625
0 0.934375 0.4375 0.0421875 0.16796875
0 0.44375 0.43359375 0.0140625 0.037109375
0 0.24375 0.431640625 0.01875 0.03515625
0 0.3109375 0.427734375 0.0125 0.03125
0 0.5640625 0.4375 0.0203125 0.05859375
