0 0.453125 0.416015625 0.0109375 0.041015625
0 0.446875 0.4140625 0.00625 0.04296875
0 0.4375 0.416015625 0.0109375 0.041015625
0 0.40625 0.416015625 0.0125 0.0390625
0 0.33125 0.416015625 0.0109375 0.037109375
0 0.225 0.4140625 0.0109375 0.04296875
0 0.2078125 0.408203125 0.0171875 0.04296875
0 0.196875 0.408203125 0.0125 0.041015625
0 0.184375 0.408203125 0.015625 0.03125
0 0.1390625 0.41015625 0.01875 0.03515625
0 0.121875 0.400390625 0.01875 0.076171875
0 0.09375 0.400390625 0.0171875 0.07421875
0 0.071875 0.408203125 0.021875 0.0703125
