0 0.9578125 0.40234375 0.0359375 0.26171875
0 0.7171875 0.396484375 0.0421875 0.162109375
0 0.684375 0.41796875 0.0328125 0.138671875
0 0.5921875 0.41796875 0.021875 0.0859375
0 0.18125 0.458984375 0.0234375 0.041015625
0 0.16875 0.458984375 0.01875 0.046875
0 0.11875 0.470703125 0.0203125 0.037109375
0 0.1015625 0.470703125 0.021875 0.052734375
0 0.54375 0.43359375 0.0203125 0.046875
0 0.5671875 0.435546875 0.01875 0.044921875
0 0.6140625 0.41796875 0.025 0.0859375
0 0.6390625 0.416015625 0.0234375 0.0859375
