0 0.0015625 0.4140625 0.0734375 0.240234375
0 0.409375 0.435546875 0.0328125 0.07421875
0 0.4453125 0.4296875 0.03125 0.076171875
0 0.8421875 0.44140625 0.0296875 0.11328125
0 0.8203125 0.4375 0.0296875 0.1171875
0 0.7578125 0.42578125 0.0203125 0.068359375
0 0.721875 0.4453125 0.01875 0.052734375
0 0.775 0.44140625 0.0296875 0.083984375
0 0.4734375 0.4375 0.015625 0.04296875
0 0.484375 0.439453125 0.0140625 0.041015625
0 0.209375 0.421875 0.0265625 0.064453125
0 0.2421875 0.427734375 0.01875 0.060546875
0 0.709375 0.44140625 0.0140625 0.041015625
