0 0.2265625 0.427734375 0.0265625 0.07421875
0 0.2078125 0.439453125 0.01875 0.064453125
0 0.6921875 0.4453125 0.0203125 0.052734375
0 0.30625 0.4140625 0.021875 0.029296875
0 0.55625 0.44140625 0.0125 0.03515625
0 0.565625 0.44140625 0.0140625 0.03125
0 0.503125 0.439453125 0.0125 0.03125
0 0.434375 0.435546875 0.0125 0.03125
0 0.3953125 0.431640625 0.0140625 0.05078125
0 0.38125 0.43359375 0.01875 0.046875
0 0.5734375 0.443359375 0.01875 0.03125
0 0.3703125 0.43359375 0.0125 0.048828125
0 0.66875 0.4453125 0.0140625 0.046875
0 0.665625 0.4375 0.0109375 0.048828125
