0 0.26875 0.404296875 0.0515625 0.19921875
0 0.425 0.435546875 0.0234375 0.07421875
0 0.4453125 0.439453125 0.028125 0.06640625
0 0.640625 0.40234375 0.0375 0.134765625
0 0.671875 0.41015625 0.0359375 0.12890625
0 0.9140625 0.353515625 0.0828125 0.296875
0 0.159375 0.458984375 0.0203125 0.04296875
0 0.1 0.46484375 0.025 0.0546875
0 0.35 0.453125 0.0125 0.029296875
0 0.375 0.4453125 0.0109375 0.029296875
0 0.5421875 0.4375 0.021875 0.044921875
0 0.56875 0.427734375 0.015625 0.052734375
0 0.58125 0.431640625 0.0109375 0.05078125
0 0.590625 0.423828125 0.0171875 0.060546875
