0 0.9578125 0.453125 0.040625 0.140625
0 0.9109375 0.47265625 0.0296875 0.09765625
0 0.8765625 0.455078125 0.0296875 0.11328125
0 0.846875 0.458984375 0.0296875 0.115234375
0 0.7515625 0.466796875 0.028125 0.109375
0 0.725 0.48828125 0.0125 0.083984375
0 0.696875 0.490234375 0.0234375 0.083984375
0 0.690625 0.48046875 0.015625 0.08984375
0 0.6671875 0.48828125 0.028125 0.087890625
0 0.646875 0.490234375 0.0265625 0.087890625
0 0.63125 0.50390625 0.021875 0.0625
0 0.61875 0.505859375 0.021875 0.064453125
0 0.6 0.505859375 0.0203125 0.0625
0 0.578125 0.509765625 0.0203125 0.05859375
0 0.565625 0.509765625 0.01875 0.052734375
0 0.553125 0.515625 0.0203125 0.044921875
0 0.3 0.517578125 0.0125 0.041015625
0 0.259375 0.5078125 0.0140625 0.044921875
0 0.25 0.509765625 0.0140625 0.04296875
0 0.2203125 0.517578125 0.015625 0.041015625
