0 0.4921875 0.435546875 0.0203125 0.06640625
0 0.471875 0.435546875 0.028125 0.068359375
0 0.484375 0.490234375 0.0609375 0.11328125
0 0.5828125 0.4375 0.0265625 0.091796875
0 0.5953125 0.455078125 0.0625 0.1953125
0 0.703125 0.4375 0.0328125 0.1171875
0 0.728125 0.435546875 0.0609375 0.1953125
0 0.7765625 0.4296875 0.0359375 0.162109375
0 0.81875 0.431640625 0.05625 0.171875
0 0.8578125 0.41796875 0.0671875 0.22265625
0 0.921875 0.423828125 0.0671875 0.216796875
0 0.203125 0.43359375 0.0125 0.03515625
0 0.2140625 0.435546875 0.0109375 0.029296875
0 0.309375 0.435546875 0.01875 0.033203125
0 0.509375 0.43359375 0.0234375 0.0625
