0 0.84375 0.443359375 0.0484375 0.1171875
0 0.7953125 0.37890625 0.203125 0.5390625
0 0.703125 0.4296875 0.025 0.078125
0 0.6671875 0.427734375 0.034375 0.119140625
0 0.634375 0.431640625 0.0375 0.125
0 0.609375 0.427734375 0.0234375 0.072265625
0 0.9703125 0.427734375 0.028125 0.037109375
0 0.4328125 0.431640625 0.01875 0.037109375
0 0.4453125 0.4296875 0.01875 0.0390625
0 0.0515625 0.423828125 0.0203125 0.02734375
0 0.06875 0.421875 0.021875 0.03125
0 0.0890625 0.42578125 0.0203125 0.03515625
