0 0.965625 0.423828125 0.0328125 0.1640625
0 0.928125 0.4296875 0.03125 0.10546875
0 0.9046875 0.423828125 0.025 0.111328125
0 0.1359375 0.4453125 0.0234375 0.0625
0 0.090625 0.439453125 0.0234375 0.07421875
0 0.121875 0.4453125 0.0203125 0.060546875
0 0.253125 0.4765625 0.021875 0.041015625
0 0.18125 0.443359375 0.03125 0.06640625
0 0.06875 0.4375 0.025 0.0859375
0 0.053125 0.435546875 0.01875 0.083984375
0 0.025 0.443359375 0.025 0.076171875
0 0.209375 0.4453125 0.015625 0.05078125
0 0.0 0.4375 0.01875 0.03515625
