0 0.8140625 0.376953125 0.075 0.2109375
0 0.78125 0.3984375 0.040625 0.189453125
0 0.7328125 0.38671875 0.046875 0.18359375
0 0.6890625 0.380859375 0.0421875 0.203125
0 0.6640625 0.396484375 0.0328125 0.162109375
0 0.2515625 0.458984375 0.0234375 0.0546875
0 0.225 0.4609375 0.0265625 0.052734375
0 0.1125 0.46875 0.0234375 0.03515625
0 0.0953125 0.466796875 0.0234375 0.0546875
0 0.625 0.427734375 0.03125 0.068359375
0 0.6046875 0.431640625 0.028125 0.06640625
0 0.565625 0.43359375 0.0203125 0.048828125
0 0.5515625 0.43359375 0.0125 0.046875
