0 0.240625 0.453125 0.009375 0.0390625
0 0.228125 0.455078125 0.0109375 0.041015625
0 0.2046875 0.458984375 0.0109375 0.03515625
0 0.196875 0.458984375 0.0078125 0.037109375
0 0.1796875 0.458984375 0.0109375 0.037109375
0 0.309375 0.45703125 0.009375 0.029296875
0 0.3 0.45703125 0.009375 0.02734375
0 0.290625 0.458984375 0.0109375 0.02734375
0 0.2796875 0.458984375 0.0078125 0.029296875
0 0.2671875 0.458984375 0.009375 0.03515625
0 0.2546875 0.458984375 0.0109375 0.03515625
0 0.1515625 0.44921875 0.0125 0.048828125
0 0.1328125 0.447265625 0.0125 0.056640625
0 0.115625 0.453125 0.0125 0.0546875
0 0.09375 0.45703125 0.0140625 0.0546875
0 0.046875 0.4375 0.01875 0.041015625
0 0.0078125 0.44921875 0.0203125 0.07421875
