0 0.296875 0.470703125 0.0140625 0.03515625
0 0.2875 0.4765625 0.0109375 0.025390625
0 0.2765625 0.478515625 0.009375 0.0234375
0 0.2671875 0.47265625 0.0140625 0.03515625
0 0.2515625 0.46875 0.0109375 0.03515625
0 0.2390625 0.46875 0.0109375 0.037109375
0 0.228125 0.466796875 0.0109375 0.0390625
0 0.215625 0.46875 0.0109375 0.037109375
0 0.2 0.46875 0.0109375 0.0390625
0 0.1875 0.47265625 0.0109375 0.03515625
0 0.1796875 0.470703125 0.0109375 0.041015625
0 0.15625 0.462890625 0.0125 0.048828125
0 0.140625 0.46484375 0.0125 0.048828125
0 0.11875 0.4609375 0.0171875 0.056640625
0 0.1015625 0.4609375 0.0140625 0.05859375
0 0.0734375 0.4609375 0.01875 0.064453125
0 0.046875 0.46484375 0.01875 0.05859375
0 0.03125 0.478515625 0.0203125 0.044921875
0 0.0078125 0.46484375 0.01875 0.068359375
0 0.0 0.47265625 0.0109375 0.056640625
