0 0.8625 0.41015625 0.0234375 0.091796875
0 0.684375 0.4140625 0.01875 0.05859375
0 0.659375 0.42578125 0.01875 0.056640625
0 0.64375 0.408203125 0.01875 0.04296875
0 0.63125 0.4140625 0.01875 0.03515625
0 0.6140625 0.404296875 0.01875 0.046875
0 0.603125 0.41015625 0.0125 0.04296875
0 0.590625 0.423828125 0.0109375 0.025390625
0 0.571875 0.412109375 0.01875 0.037109375
0 0.5515625 0.416015625 0.01875 0.041015625
0 0.3625 0.44140625 0.0140625 0.0234375
0 0.3546875 0.4375 0.0109375 0.02734375
0 0.34375 0.435546875 0.0078125 0.02734375
0 0.3375 0.435546875 0.0078125 0.02734375
0 0.328125 0.431640625 0.009375 0.025390625
