0 0.025 0.43359375 0.021875 0.052734375
0 0.109375 0.43359375 0.021875 0.0546875
0 0.0921875 0.435546875 0.01875 0.056640625
0 0.140625 0.416015625 0.0359375 0.1171875
0 0.1671875 0.416015625 0.0296875 0.107421875
0 0.2296875 0.412109375 0.0421875 0.12109375
0 0.2890625 0.443359375 0.034375 0.072265625
0 0.3203125 0.4453125 0.0296875 0.0703125
0 0.3421875 0.443359375 0.0375 0.078125
0 0.3875 0.4453125 0.04375 0.072265625
0 0.5515625 0.427734375 0.0375 0.125
0 0.58125 0.423828125 0.0296875 0.125
0 0.5140625 0.4296875 0.0234375 0.052734375
0 0.49375 0.43359375 0.025 0.052734375
0 0.478125 0.4296875 0.0203125 0.05859375
