0 0.93125 0.390625 0.0578125 0.244140625
0 0.834375 0.37109375 0.0765625 0.265625
0 0.784375 0.400390625 0.0453125 0.177734375
0 0.7234375 0.408203125 0.0609375 0.16796875
0 0.0203125 0.458984375 0.03125 0.08203125
0 0.0015625 0.455078125 0.025 0.095703125
0 0.603125 0.423828125 0.0296875 0.076171875
0 0.5828125 0.42578125 0.028125 0.080078125
0 0.5453125 0.43359375 0.0109375 0.048828125
0 0.63125 0.423828125 0.0234375 0.056640625
0 0.6578125 0.416015625 0.021875 0.044921875
0 0.1546875 0.458984375 0.01875 0.04296875
0 0.11875 0.470703125 0.0203125 0.033203125
0 0.1015625 0.46875 0.0203125 0.05078125
