0 0.4484375 0.439453125 0.0234375 0.06640625
0 0.4734375 0.435546875 0.025 0.0703125
0 0.4578125 0.49609375 0.0609375 0.12890625
0 0.5953125 0.43359375 0.071875 0.21875
0 0.6828125 0.44140625 0.0453125 0.125
0 0.7234375 0.431640625 0.0859375 0.23046875
0 0.778125 0.4296875 0.0453125 0.10546875
0 0.8171875 0.421875 0.05625 0.189453125
0 0.8625 0.416015625 0.065625 0.25390625
0 0.95 0.41015625 0.046875 0.251953125
0 0.55 0.4375 0.0265625 0.09765625
0 0.1703125 0.43359375 0.015625 0.03125
0 0.18125 0.4375 0.0125 0.029296875
0 0.2703125 0.435546875 0.0125 0.03515625
