0 0.121875 0.390625 0.090625 0.2109375
0 0.109375 0.412109375 0.034375 0.1171875
0 0.2125 0.42578125 0.028125 0.07421875
0 0.23125 0.4140625 0.0171875 0.080078125
0 0.8390625 0.4140625 0.025 0.072265625
0 0.8796875 0.390625 0.0234375 0.07421875
0 0.7546875 0.416015625 0.01875 0.037109375
0 0.7015625 0.43359375 0.0171875 0.041015625
0 0.6375 0.41796875 0.0203125 0.0390625
0 0.5921875 0.416015625 0.021875 0.041015625
0 0.5203125 0.41015625 0.05 0.0625
0 0.3015625 0.427734375 0.01875 0.037109375
0 0.196875 0.412109375 0.0140625 0.0390625
