0 0.3484375 0.4140625 0.0546875 0.12890625
0 0.3265625 0.380859375 0.1640625 0.416015625
0 0.6203125 0.505859375 0.128125 0.2734375
0 0.7140625 0.427734375 0.0234375 0.078125
0 0.69375 0.42578125 0.0234375 0.078125
0 0.08125 0.408203125 0.0765625 0.19140625
0 0.840625 0.423828125 0.0265625 0.03515625
0 0.96875 0.423828125 0.0265625 0.0390625
0 0.675 0.421875 0.0203125 0.06640625
0 0.4984375 0.43359375 0.0203125 0.037109375
0 0.0078125 0.40625 0.01875 0.0703125
0 0.06875 0.421875 0.025 0.029296875
0 0.05 0.423828125 0.0234375 0.029296875
