0 0.59375 0.404296875 0.0453125 0.123046875
0 0.69375 0.412109375 0.025 0.078125
0 0.740625 0.41796875 0.0265625 0.10546875
0 0.7734375 0.40625 0.03125 0.125
0 0.7625 0.427734375 0.0265625 0.119140625
0 0.85 0.40625 0.03125 0.1328125
0 0.88125 0.392578125 0.0375 0.146484375
0 0.4796875 0.44140625 0.01875 0.0390625
0 0.1265625 0.42578125 0.021875 0.11328125
0 0.1390625 0.408203125 0.025 0.125
0 0.103125 0.423828125 0.034375 0.12109375
0 0.0796875 0.41796875 0.025 0.125
0 0.0015625 0.4296875 0.0234375 0.044921875
