0 0.1328125 0.435546875 0.0234375 0.07421875
0 0.9265625 0.392578125 0.05 0.123046875
0 0.3203125 0.443359375 0.015625 0.044921875
0 0.2328125 0.443359375 0.0109375 0.0390625
0 0.2171875 0.44140625 0.015625 0.041015625
0 0.7640625 0.40234375 0.1 0.162109375
0 0.6125 0.416015625 0.0625 0.138671875
0 0.465625 0.41796875 0.0234375 0.060546875
0 0.425 0.43359375 0.0203125 0.044921875
0 0.396875 0.44921875 0.01875 0.02734375
0 0.1953125 0.431640625 0.0203125 0.044921875
0 0.153125 0.423828125 0.040625 0.123046875
