0 0.8421875 0.435546875 0.0234375 0.078125
0 0.6875 0.431640625 0.0265625 0.0859375
0 0.6671875 0.431640625 0.021875 0.068359375
0 0.0890625 0.396484375 0.103125 0.25390625
0 0.0265625 0.384765625 0.06875 0.259765625
0 0.3890625 0.431640625 0.0265625 0.068359375
0 0.3703125 0.427734375 0.01875 0.052734375
0 0.35 0.4296875 0.021875 0.03125
0 0.30625 0.4296875 0.0265625 0.02734375
0 0.2765625 0.42578125 0.0203125 0.033203125
0 0.2453125 0.435546875 0.025 0.037109375
0 0.221875 0.4375 0.028125 0.0625
0 0.2140625 0.42578125 0.028125 0.046875
0 0.190625 0.423828125 0.0296875 0.0703125
0 0.7328125 0.44140625 0.0203125 0.037109375
0 0.70625 0.44140625 0.0203125 0.060546875
