0 0.271875 0.42578125 0.0671875 0.146484375
0 0.225 0.423828125 0.0515625 0.169921875
0 0.5140625 0.44140625 0.028125 0.046875
0 0.740625 0.439453125 0.0203125 0.064453125
0 0.7703125 0.44140625 0.025 0.0703125
0 0.903125 0.4453125 0.021875 0.06640625
0 0.925 0.44140625 0.071875 0.189453125
0 0.496875 0.44140625 0.021875 0.03125
0 0.465625 0.44140625 0.0203125 0.025390625
0 0.4234375 0.4375 0.01875 0.03515625
0 0.3734375 0.439453125 0.0234375 0.037109375
0 0.4453125 0.439453125 0.01875 0.02734375
