0 0.86875 0.35546875 0.084375 0.298828125
0 0.809375 0.390625 0.0578125 0.203125
0 0.7421875 0.4140625 0.065625 0.185546875
0 0.5984375 0.416015625 0.0265625 0.0859375
0 0.03125 0.453125 0.0296875 0.087890625
0 0.0078125 0.453125 0.03125 0.083984375
0 0.6578125 0.416015625 0.0203125 0.052734375
0 0.6296875 0.427734375 0.01875 0.04296875
0 0.6171875 0.42578125 0.028125 0.068359375
0 0.146875 0.458984375 0.0203125 0.041015625
0 0.1171875 0.474609375 0.0203125 0.033203125
0 0.3765625 0.447265625 0.0140625 0.025390625
0 0.3578125 0.4453125 0.0125 0.029296875
