0 0.246875 0.37890625 0.0265625 0.083984375
0 0.221875 0.38671875 0.021875 0.0703125
0 0.3390625 0.400390625 0.0515625 0.1875
0 0.365625 0.41015625 0.0609375 0.1640625
0 0.425 0.416015625 0.059375 0.185546875
0 0.4640625 0.39453125 0.0328125 0.08203125
0 0.475 0.4296875 0.0515625 0.177734375
0 0.528125 0.412109375 0.0734375 0.201171875
0 0.5796875 0.4140625 0.059375 0.19140625
0 0.6453125 0.4140625 0.04375 0.193359375
0 0.6703125 0.423828125 0.0484375 0.208984375
0 0.696875 0.416015625 0.0421875 0.181640625
0 0.7421875 0.400390625 0.08125 0.220703125
0 0.8 0.41796875 0.0625 0.197265625
