0 0.0 0.40625 0.01875 0.099609375
0 0.6265625 0.435546875 0.0265625 0.115234375
0 0.6546875 0.443359375 0.028125 0.09765625
0 0.9484375 0.455078125 0.046875 0.107421875
0 0.8703125 0.4453125 0.034375 0.12109375
0 0.29375 0.44140625 0.021875 0.052734375
0 0.278125 0.435546875 0.021875 0.056640625
0 0.2625 0.43359375 0.0234375 0.05859375
0 0.7078125 0.4453125 0.0234375 0.052734375
0 0.740625 0.443359375 0.0265625 0.091796875
0 0.7703125 0.44921875 0.025 0.078125
0 0.7875 0.44921875 0.021875 0.052734375
0 0.8015625 0.44921875 0.021875 0.046875
