0 0.284375 0.427734375 0.0625 0.1328125
0 0.640625 0.408203125 0.0359375 0.125
0 0.6765625 0.46484375 0.0203125 0.060546875
0 0.696875 0.46875 0.028125 0.0625
0 0.771875 0.3671875 0.0734375 0.248046875
0 0.8390625 0.373046875 0.06875 0.14453125
0 0.859375 0.328125 0.0953125 0.388671875
0 0.8921875 0.29296875 0.1046875 0.490234375
0 0.6125 0.4453125 0.0234375 0.060546875
0 0.59375 0.4453125 0.0203125 0.056640625
0 0.571875 0.44140625 0.0234375 0.060546875
0 0.521875 0.44921875 0.01875 0.05078125
