0 0.9671875 0.4296875 0.0296875 0.1640625
0 0.9296875 0.439453125 0.0296875 0.154296875
0 0.8875 0.44140625 0.0328125 0.150390625
0 0.8625 0.44140625 0.021875 0.09765625
0 0.81875 0.44140625 0.0234375 0.083984375
0 0.7890625 0.4375 0.0203125 0.0859375
0 0.7578125 0.439453125 0.01875 0.06640625
0 0.7453125 0.455078125 0.0140625 0.048828125
0 0.68125 0.435546875 0.0203125 0.052734375
0 0.65 0.431640625 0.0171875 0.046875
0 0.640625 0.43359375 0.0109375 0.041015625
0 0.625 0.4375 0.0109375 0.0390625
