0 0.665625 0.40625 0.0359375 0.099609375
0 0.1546875 0.45703125 0.0203125 0.0625
0 0.1375 0.45703125 0.0234375 0.0703125
0 0.56875 0.427734375 0.0203125 0.03515625
0 0.5875 0.427734375 0.0203125 0.033203125
0 0.65 0.421875 0.01875 0.041015625
0 0.5421875 0.435546875 0.021875 0.02734375
0 0.3546875 0.447265625 0.0109375 0.025390625
0 0.365625 0.44921875 0.0109375 0.02734375
0 0.3734375 0.4453125 0.009375 0.03125
0 0.1171875 0.46875 0.0203125 0.03515625
0 0.1015625 0.470703125 0.0234375 0.0546875
