0 0.5015625 0.439453125 0.046875 0.095703125
0 0.6484375 0.423828125 0.025 0.091796875
0 0.9390625 0.369140625 0.059375 0.2578125
0 0.84375 0.36328125 0.071875 0.26953125
0 0.784375 0.404296875 0.046875 0.14453125
0 0.74375 0.392578125 0.0625 0.185546875
0 0.7125 0.404296875 0.0375 0.162109375
0 0.68125 0.40234375 0.034375 0.177734375
0 0.5953125 0.443359375 0.025 0.05859375
0 0.5546875 0.44921875 0.01875 0.0390625
0 0.5703125 0.443359375 0.01875 0.04296875
0 0.6328125 0.46484375 0.01875 0.052734375
