0 0.31875 0.4609375 0.0109375 0.02734375
0 0.303125 0.4609375 0.0109375 0.025390625
0 0.2921875 0.45703125 0.009375 0.02734375
0 0.28125 0.455078125 0.0109375 0.03515625
0 0.2703125 0.453125 0.0125 0.037109375
0 0.259375 0.455078125 0.009375 0.03515625
0 0.2515625 0.453125 0.009375 0.03515625
0 0.23125 0.45703125 0.009375 0.03125
0 0.2203125 0.453125 0.009375 0.0390625
0 0.2015625 0.453125 0.0125 0.04296875
0 0.1875 0.455078125 0.0109375 0.041015625
0 0.1703125 0.44921875 0.0125 0.048828125
0 0.1375 0.455078125 0.0203125 0.05078125
0 0.121875 0.458984375 0.0140625 0.046875
0 0.1078125 0.458984375 0.0140625 0.048828125
0 0.0640625 0.4453125 0.01875 0.0625
0 0.0390625 0.443359375 0.021875 0.07421875
0 0.0 0.44921875 0.015625 0.072265625
