0 0.8984375 0.396484375 0.0296875 0.078125
0 0.8234375 0.39453125 0.01875 0.07421875
0 0.8140625 0.400390625 0.0203125 0.068359375
0 0.7921875 0.3984375 0.01875 0.0703125
0 0.7796875 0.3828125 0.01875 0.03515625
0 0.7640625 0.390625 0.0203125 0.052734375
0 0.74375 0.39453125 0.021875 0.0546875
0 0.7171875 0.39453125 0.0125 0.05078125
0 0.70625 0.396484375 0.0125 0.048828125
0 0.6484375 0.404296875 0.0203125 0.06640625
0 0.6328125 0.40234375 0.0203125 0.05859375
0 0.6203125 0.404296875 0.0125 0.052734375
0 0.5625 0.3984375 0.0125 0.02734375
