0 0.6234375 0.41796875 0.03125 0.08984375
0 0.65 0.416015625 0.025 0.083984375
0 0.7546875 0.35546875 0.1046875 0.365234375
0 0.9625 0.33984375 0.0359375 0.0703125
0 0.8484375 0.30078125 0.15 0.69140625
0 0.1546875 0.466796875 0.021875 0.05078125
0 0.14375 0.46484375 0.021875 0.052734375
0 0.3625 0.4375 0.0265625 0.052734375
0 0.1125 0.470703125 0.021875 0.029296875
0 0.0953125 0.46875 0.03125 0.05859375
0 0.5390625 0.435546875 0.01875 0.046875
0 0.546875 0.43359375 0.01875 0.046875
0 0.584375 0.4296875 0.0203125 0.056640625
