0 0.7203125 0.44140625 0.01875 0.0390625
0 0.696875 0.44140625 0.0125 0.037109375
0 0.6796875 0.439453125 0.0203125 0.0390625
0 0.403125 0.4375 0.01875 0.041015625
0 0.2109375 0.44921875 0.0203125 0.05859375
0 0.165625 0.4453125 0.021875 0.046875
0 0.146875 0.443359375 0.01875 0.046875
0 0.11875 0.4375 0.0203125 0.044921875
0 0.034375 0.470703125 0.021875 0.056640625
0 0.071875 0.453125 0.0203125 0.05078125
0 0.0515625 0.44140625 0.01875 0.033203125
0 0.0296875 0.435546875 0.021875 0.029296875
0 0.0125 0.44140625 0.025 0.03125
0 0.015625 0.478515625 0.01875 0.048828125
