0 0.1953125 0.453125 0.0421875 0.12109375
0 0.359375 0.431640625 0.04375 0.134765625
0 0.409375 0.435546875 0.0375 0.107421875
0 0.909375 0.439453125 0.0515625 0.126953125
0 0.809375 0.443359375 0.021875 0.05078125
0 0.609375 0.443359375 0.025 0.037109375
0 0.496875 0.44140625 0.025 0.03515625
0 0.5984375 0.44140625 0.01875 0.0234375
0 0.5734375 0.443359375 0.01875 0.01953125
0 0.5421875 0.439453125 0.015625 0.037109375
0 0.8375 0.439453125 0.0203125 0.068359375
0 0.85625 0.447265625 0.01875 0.05078125
0 0.9453125 0.439453125 0.0203125 0.056640625
