0 0.0015625 0.423828125 0.01875 0.099609375
0 0.0203125 0.43359375 0.0296875 0.0859375
0 0.534375 0.44140625 0.0234375 0.064453125
0 0.55625 0.44921875 0.0453125 0.126953125
0 0.6296875 0.4609375 0.053125 0.162109375
0 0.7375 0.443359375 0.05625 0.15625
0 0.7875 0.443359375 0.0328125 0.146484375
0 0.8078125 0.44140625 0.03125 0.087890625
0 0.8421875 0.439453125 0.0375 0.16015625
0 0.903125 0.435546875 0.04375 0.1796875
0 0.9234375 0.43359375 0.0546875 0.185546875
0 0.203125 0.435546875 0.0203125 0.033203125
0 0.2765625 0.4296875 0.0125 0.029296875
