0 0.8140625 0.443359375 0.0296875 0.037109375
0 0.790625 0.443359375 0.03125 0.046875
0 0.7578125 0.447265625 0.021875 0.072265625
0 0.7390625 0.431640625 0.0234375 0.076171875
0 0.7171875 0.447265625 0.025 0.041015625
0 0.6953125 0.443359375 0.0203125 0.052734375
0 0.490625 0.439453125 0.0140625 0.04296875
0 0.4703125 0.431640625 0.025 0.07421875
0 0.43125 0.4375 0.03125 0.06640625
0 0.240625 0.41796875 0.0234375 0.05859375
0 0.2640625 0.427734375 0.01875 0.044921875
0 0.1875 0.423828125 0.053125 0.16015625
0 0.59375 0.44140625 0.01875 0.04296875
