0 0.040625 0.400390625 0.0203125 0.076171875
0 0.259375 0.431640625 0.025 0.072265625
0 0.346875 0.427734375 0.021875 0.046875
0 0.5828125 0.443359375 0.0125 0.03125
0 0.571875 0.4453125 0.0125 0.02734375
0 0.5609375 0.443359375 0.0140625 0.029296875
0 0.696875 0.447265625 0.01875 0.03515625
0 0.6875 0.44140625 0.01875 0.056640625
0 0.6515625 0.439453125 0.01875 0.03125
0 0.328125 0.416015625 0.0203125 0.02734375
0 0.3953125 0.431640625 0.0203125 0.046875
0 0.378125 0.43359375 0.0203125 0.044921875
0 0.503125 0.44140625 0.0125 0.03125
0 0.4390625 0.435546875 0.015625 0.03515625
