0 0.534375 0.287109375 0.08125 0.166015625
0 0.4953125 0.41015625 0.0359375 0.099609375
0 0.4296875 0.37109375 0.046875 0.1796875
0 0.39375 0.423828125 0.0375 0.08203125
0 0.5453125 0.314453125 0.1609375 0.494140625
0 0.65 0.44140625 0.071875 0.29296875
0 0.7640625 0.333984375 0.0515625 0.130859375
0 0.7078125 0.302734375 0.0734375 0.208984375
0 0.76875 0.41796875 0.1203125 0.333984375
0 0.8296875 0.302734375 0.040625 0.119140625
0 0.284375 0.390625 0.034375 0.123046875
0 0.3234375 0.39453125 0.0328125 0.119140625
