0 0.4125 0.43359375 0.1078125 0.26171875
0 0.515625 0.423828125 0.0328125 0.11328125
0 0.4375 0.43359375 0.03125 0.064453125
0 0.4078125 0.431640625 0.0328125 0.0859375
0 0.634375 0.412109375 0.09375 0.294921875
0 0.721875 0.416015625 0.04375 0.228515625
0 0.759375 0.41015625 0.0453125 0.22265625
0 0.8125 0.376953125 0.1453125 0.451171875
0 0.965625 0.392578125 0.0328125 0.302734375
0 0.1375 0.43359375 0.0140625 0.037109375
0 0.125 0.435546875 0.015625 0.03125
0 0.20625 0.439453125 0.01875 0.03515625
0 0.903125 0.38671875 0.0515625 0.1328125
