0 0.0546875 0.470703125 0.0265625 0.05859375
0 0.075 0.462890625 0.028125 0.095703125
0 0.659375 0.478515625 0.046875 0.11328125
0 0.8046875 0.455078125 0.03125 0.08203125
0 0.8296875 0.466796875 0.0296875 0.07421875
0 0.9125 0.466796875 0.025 0.052734375
0 0.9328125 0.478515625 0.03125 0.044921875
0 0.6640625 0.47265625 0.015625 0.0390625
0 0.43125 0.4765625 0.0328125 0.05078125
0 0.246875 0.474609375 0.0140625 0.060546875
0 0.2578125 0.46875 0.0140625 0.0703125
0 0.3203125 0.470703125 0.015625 0.025390625
0 0.625 0.47265625 0.01875 0.033203125
