0 0.9890625 0.390625 0.009375 0.150390625
0 0.9359375 0.384765625 0.046875 0.166015625
0 0.8921875 0.408203125 0.034375 0.140625
0 0.8296875 0.431640625 0.0265625 0.103515625
0 0.8046875 0.423828125 0.028125 0.109375
0 0.775 0.423828125 0.028125 0.11328125
0 0.7640625 0.43359375 0.021875 0.091796875
0 0.7453125 0.43359375 0.0234375 0.091796875
0 0.7203125 0.4375 0.021875 0.083984375
0 0.7015625 0.44921875 0.0203125 0.072265625
0 0.6921875 0.458984375 0.0203125 0.064453125
0 0.6765625 0.4609375 0.01875 0.0625
0 0.625 0.484375 0.021875 0.033203125
0 0.603125 0.48828125 0.01875 0.029296875
0 0.575 0.45703125 0.028125 0.0546875
0 0.18125 0.4921875 0.01875 0.05859375
0 0.16875 0.490234375 0.01875 0.0625
0 0.0875 0.478515625 0.0234375 0.076171875
0 0.0578125 0.474609375 0.025 0.078125
