0 0.3140625 0.47265625 0.0125 0.03515625
0 0.2921875 0.474609375 0.0109375 0.029296875
0 0.26875 0.470703125 0.0109375 0.029296875
0 0.2546875 0.4765625 0.0109375 0.025390625
0 0.23125 0.47265625 0.0125 0.037109375
0 0.225 0.466796875 0.0125 0.04296875
0 0.2046875 0.47265625 0.0125 0.041015625
0 0.18125 0.46484375 0.0140625 0.048828125
0 0.1671875 0.46484375 0.015625 0.052734375
0 0.153125 0.466796875 0.0125 0.0546875
0 0.1421875 0.466796875 0.0109375 0.056640625
0 0.1296875 0.46484375 0.0125 0.05859375
0 0.1203125 0.46875 0.009375 0.0546875
0 0.10625 0.466796875 0.015625 0.056640625
0 0.09375 0.47265625 0.009375 0.046875
0 0.084375 0.474609375 0.0109375 0.046875
0 0.071875 0.466796875 0.0109375 0.056640625
0 0.0375 0.470703125 0.015625 0.0546875
0 0.0015625 0.458984375 0.0203125 0.076171875
