0 0.8828125 0.416015625 0.03125 0.10546875
0 0.7171875 0.435546875 0.01875 0.044921875
0 0.659375 0.416015625 0.021875 0.0625
0 0.64375 0.421875 0.0203125 0.078125
0 0.6296875 0.4140625 0.0203125 0.052734375
0 0.61875 0.416015625 0.021875 0.041015625
0 0.6015625 0.412109375 0.0203125 0.04296875
0 0.5875 0.41015625 0.01875 0.046875
0 0.5671875 0.408203125 0.01875 0.046875
0 0.5546875 0.423828125 0.01875 0.033203125
0 0.540625 0.412109375 0.01875 0.041015625
0 0.5171875 0.42578125 0.0203125 0.0390625
0 0.3203125 0.443359375 0.0125 0.025390625
0 0.309375 0.435546875 0.0125 0.03125
0 0.3 0.43359375 0.0125 0.0390625
0 0.2890625 0.4296875 0.0109375 0.041015625
0 0.278125 0.4296875 0.0140625 0.04296875
