0 0.2125 0.439453125 0.0203125 0.041015625
0 0.05 0.431640625 0.0234375 0.06640625
0 0.746875 0.40234375 0.0390625 0.09375
0 0.7203125 0.41015625 0.0203125 0.087890625
0 0.646875 0.408203125 0.0296875 0.056640625
0 0.6421875 0.40625 0.071875 0.1796875
0 0.5140625 0.40625 0.04375 0.140625
0 0.3640625 0.41796875 0.0234375 0.0546875
0 0.3125 0.42578125 0.025 0.044921875
0 0.28125 0.4375 0.0125 0.02734375
0 0.1671875 0.43359375 0.0140625 0.0390625
0 0.1578125 0.4296875 0.009375 0.03515625
0 0.109375 0.421875 0.025 0.046875
0 0.825 0.404296875 0.015625 0.0390625
