0 0.2796875 0.443359375 0.0265625 0.115234375
0 0.415625 0.431640625 0.040625 0.123046875
0 0.46875 0.435546875 0.034375 0.09765625
0 0.846875 0.439453125 0.025 0.056640625
0 0.9203125 0.443359375 0.0484375 0.107421875
0 0.659375 0.443359375 0.021875 0.037109375
0 0.64375 0.44140625 0.0203125 0.0234375
0 0.5921875 0.44140625 0.021875 0.03125
0 0.5515625 0.44140625 0.01875 0.025390625
0 0.8671875 0.439453125 0.0234375 0.0625
0 0.8953125 0.443359375 0.01875 0.056640625
0 0.9671875 0.44140625 0.0234375 0.060546875
0 0.6234375 0.44140625 0.01875 0.0234375
