0 0.903125 0.439453125 0.021875 0.09765625
0 0.8796875 0.435546875 0.0203125 0.099609375
0 0.8546875 0.439453125 0.021875 0.09765625
0 0.834375 0.443359375 0.0234375 0.09765625
0 0.8015625 0.435546875 0.025 0.103515625
0 0.759375 0.439453125 0.0234375 0.076171875
0 0.6453125 0.44921875 0.0109375 0.05078125
0 0.628125 0.455078125 0.01875 0.046875
0 0.60625 0.44921875 0.0203125 0.037109375
0 0.590625 0.447265625 0.0203125 0.0390625
0 0.11875 0.46875 0.01875 0.0390625
0 0.0875 0.45703125 0.01875 0.04296875
0 0.0015625 0.44921875 0.0203125 0.064453125
