0 0.6 0.412109375 0.0125 0.03515625
0 0.590625 0.4140625 0.009375 0.037109375
0 0.5703125 0.4140625 0.0125 0.0390625
0 0.4625 0.421875 0.015625 0.041015625
0 0.44375 0.4140625 0.0140625 0.044921875
0 0.4015625 0.419921875 0.0140625 0.04296875
0 0.2390625 0.4140625 0.0125 0.044921875
0 0.21875 0.416015625 0.0125 0.03125
0 0.209375 0.416015625 0.0125 0.03515625
0 0.1953125 0.41796875 0.0125 0.037109375
0 0.18125 0.416015625 0.0140625 0.044921875
0 0.146875 0.41015625 0.0125 0.037109375
0 0.1328125 0.41015625 0.015625 0.060546875
0 0.115625 0.400390625 0.0171875 0.08203125
0 0.103125 0.404296875 0.0140625 0.0703125
0 0.065625 0.404296875 0.015625 0.041015625
0 0.0140625 0.412109375 0.025 0.03125
