0 0.925 0.359375 0.04375 0.13671875
0 0.915625 0.33984375 0.01875 0.05859375
0 0.89375 0.373046875 0.0265625 0.08984375
0 0.865625 0.365234375 0.0265625 0.125
0 0.846875 0.349609375 0.0203125 0.05859375
0 0.828125 0.337890625 0.0140625 0.02734375
0 0.834375 0.37109375 0.021875 0.125
0 0.8203125 0.333984375 0.009375 0.029296875
0 0.803125 0.333984375 0.0171875 0.04296875
0 0.790625 0.337890625 0.0125 0.02734375
0 0.8125 0.365234375 0.0234375 0.119140625
0 0.790625 0.376953125 0.0296875 0.10546875
0 0.775 0.35546875 0.0234375 0.10546875
0 0.7453125 0.3671875 0.01875 0.0390625
0 0.728125 0.3671875 0.01875 0.05859375
0 0.7375 0.38671875 0.0453125 0.14453125
0 0.7015625 0.392578125 0.0265625 0.09375
0 0.6921875 0.365234375 0.015625 0.099609375
0 0.6796875 0.359375 0.0109375 0.025390625
0 0.6578125 0.365234375 0.0203125 0.056640625
0 0.646875 0.349609375 0.0140625 0.046875
0 0.6375 0.353515625 0.0109375 0.03515625
0 0.6296875 0.34765625 0.0109375 0.01953125
0 0.6203125 0.3671875 0.01875 0.041015625
0 0.6125 0.3515625 0.0140625 0.044921875
0 0.6 0.359375 0.0140625 0.048828125
0 0.5921875 0.361328125 0.009375 0.046875
0 0.5828125 0.359375 0.009375 0.044921875
0 0.5734375 0.361328125 0.0109375 0.037109375
0 0.5671875 0.365234375 0.009375 0.029296875
0 0.5484375 0.369140625 0.015625 0.0234375
0 0.5265625 0.35546875 0.015625 0.01953125
0 0.159375 0.38671875 0.0296875 0.091796875
0 0.1 0.376953125 0.0203125 0.076171875
0 0.0625 0.37890625 0.0203125 0.08203125
