0 0.9515625 0.455078125 0.046875 0.193359375
0 0.73125 0.4140625 0.0421875 0.1953125
0 0.675 0.423828125 0.0765625 0.193359375
0 0.528125 0.412109375 0.059375 0.17578125
0 0.4875 0.3984375 0.05 0.181640625
0 0.4515625 0.408203125 0.0328125 0.1484375
0 0.3921875 0.421875 0.0546875 0.1640625
0 0.3828125 0.380859375 0.0328125 0.091796875
0 0.353125 0.3984375 0.04375 0.158203125
0 0.278125 0.40625 0.0421875 0.1328125
0 0.2578125 0.3828125 0.05 0.134765625
0 0.25 0.37890625 0.01875 0.07421875
0 0.2296875 0.390625 0.0234375 0.068359375
0 0.421875 0.41796875 0.0234375 0.060546875
