0 0.921875 0.35546875 0.025 0.134765625
0 0.8875 0.36328125 0.0375 0.14453125
0 0.871875 0.34765625 0.015625 0.017578125
0 0.86875 0.369140625 0.0171875 0.0390625
0 0.8515625 0.34765625 0.01875 0.03125
0 0.840625 0.3359375 0.0125 0.025390625
0 0.834375 0.353515625 0.0125 0.02734375
0 0.8265625 0.33203125 0.0140625 0.021484375
0 0.8265625 0.3828125 0.046875 0.1796875
0 0.8140625 0.34765625 0.021875 0.1171875
0 0.80625 0.3359375 0.009375 0.02734375
0 0.8015625 0.337890625 0.0109375 0.025390625
0 0.7921875 0.33203125 0.009375 0.03515625
0 0.7734375 0.361328125 0.021875 0.103515625
0 0.7453125 0.361328125 0.025 0.09765625
0 0.7203125 0.3515625 0.015625 0.01953125
0 0.7265625 0.3671875 0.0125 0.021484375
0 0.71875 0.390625 0.021875 0.1015625
0 0.70625 0.3515625 0.0125 0.04296875
0 0.69375 0.35546875 0.0109375 0.0234375
0 0.6515625 0.345703125 0.015625 0.046875
0 0.640625 0.345703125 0.0125 0.044921875
0 0.615625 0.345703125 0.0203125 0.064453125
0 0.6 0.349609375 0.0125 0.037109375
0 0.6171875 0.359375 0.01875 0.037109375
0 0.5859375 0.353515625 0.015625 0.02734375
0 0.56875 0.35546875 0.01875 0.03125
0 0.5515625 0.36328125 0.01875 0.02734375
0 0.26875 0.359375 0.0171875 0.01953125
0 0.18125 0.375 0.0296875 0.1015625
0 0.08125 0.373046875 0.021875 0.07421875
0 0.0484375 0.376953125 0.01875 0.0859375
0 0.9453125 0.36328125 0.0390625 0.107421875
