0 0.753125 0.41015625 0.0421875 0.130859375
0 0.84375 0.408203125 0.015625 0.044921875
0 0.6296875 0.4140625 0.028125 0.111328125
0 0.1359375 0.427734375 0.01875 0.056640625
0 0.1578125 0.427734375 0.0171875 0.076171875
0 0.346875 0.431640625 0.0125 0.060546875
0 0.3328125 0.42578125 0.0140625 0.044921875
0 0.2765625 0.41796875 0.025 0.0703125
0 0.60625 0.447265625 0.0203125 0.078125
0 0.5828125 0.4453125 0.01875 0.078125
0 0.8265625 0.416015625 0.0171875 0.044921875
0 0.553125 0.439453125 0.009375 0.03125
