0 0.0578125 0.31640625 0.0625 0.15625
0 0.128125 0.3828125 0.05625 0.220703125
0 0.1671875 0.392578125 0.0515625 0.220703125
0 0.3765625 0.42578125 0.0515625 0.0546875
0 0.378125 0.478515625 0.0546875 0.1015625
0 0.4484375 0.431640625 0.0453125 0.052734375
0 0.6765625 0.4453125 0.04375 0.119140625
0 0.71875 0.466796875 0.0328125 0.060546875
0 0.3921875 0.4609375 0.1609375 0.349609375
0 0.7578125 0.490234375 0.0203125 0.0234375
0 0.5140625 0.4453125 0.03125 0.03125
0 0.3328125 0.470703125 0.040625 0.0703125
