0 0.521875 0.4140625 0.0515625 0.12109375
0 0.69375 0.40625 0.0265625 0.083984375
0 0.7453125 0.41796875 0.0296875 0.109375
0 0.7796875 0.4140625 0.0296875 0.126953125
0 0.85 0.404296875 0.034375 0.13671875
0 0.8828125 0.392578125 0.034375 0.134765625
0 0.1765625 0.421875 0.040625 0.126953125
0 0.15 0.4140625 0.0375 0.126953125
0 0.04375 0.423828125 0.04375 0.11328125
0 0.003125 0.427734375 0.0234375 0.0546875
0 0.4578125 0.4453125 0.021875 0.037109375
0 0.4796875 0.443359375 0.0203125 0.037109375
