0 0.840625 0.392578125 0.028125 0.05078125
0 0.4421875 0.427734375 0.0125 0.029296875
0 0.43125 0.423828125 0.0109375 0.0390625
0 0.409375 0.42578125 0.0125 0.03515625
0 0.346875 0.427734375 0.0125 0.02734375
0 0.2984375 0.423828125 0.0109375 0.029296875
0 0.2734375 0.421875 0.0125 0.03125
0 0.2640625 0.4140625 0.0125 0.037109375
0 0.2546875 0.421875 0.0109375 0.025390625
0 0.21875 0.416015625 0.015625 0.05078125
0 0.1953125 0.412109375 0.015625 0.052734375
0 0.1828125 0.416015625 0.0140625 0.048828125
0 0.121875 0.4140625 0.0140625 0.025390625
0 0.0953125 0.41015625 0.01875 0.048828125
0 0.853125 0.4453125 0.0234375 0.041015625
