0 0.7921875 0.435546875 0.0359375 0.044921875
0 0.828125 0.43359375 0.0296875 0.052734375
0 0.434375 0.435546875 0.021875 0.046875
0 0.2265625 0.40625 0.034375 0.11328125
0 0.1796875 0.416015625 0.034375 0.1015625
0 0.975 0.404296875 0.0234375 0.146484375
0 0.5953125 0.4375 0.015625 0.048828125
0 0.615625 0.435546875 0.0140625 0.052734375
0 0.8546875 0.43359375 0.0203125 0.0703125
0 0.421875 0.435546875 0.015625 0.046875
0 0.4109375 0.435546875 0.0140625 0.04296875
0 0.475 0.439453125 0.015625 0.0390625
0 0.5484375 0.44140625 0.0203125 0.044921875
0 0.7 0.447265625 0.0140625 0.02734375
0 0.6921875 0.44921875 0.0125 0.02734375
0 0.678125 0.447265625 0.0171875 0.03125
