0 0.021875 0.37890625 0.034375 0.115234375
0 0.0640625 0.3984375 0.0578125 0.103515625
0 0.1515625 0.3984375 0.05 0.09765625
0 0.19375 0.396484375 0.028125 0.076171875
0 0.346875 0.3828125 0.0265625 0.1015625
0 0.26875 0.384765625 0.028125 0.109375
0 0.3890625 0.392578125 0.025 0.07421875
0 0.4046875 0.384765625 0.0296875 0.08203125
0 0.4734375 0.404296875 0.0265625 0.064453125
0 0.5078125 0.380859375 0.028125 0.087890625
0 0.2921875 0.408203125 0.0265625 0.046875
0 0.225 0.41015625 0.0265625 0.04296875
0 0.2515625 0.404296875 0.025 0.0390625
0 0.3265625 0.41015625 0.028125 0.0390625
0 0.4375 0.404296875 0.025 0.041015625
