0 0.6515625 0.416015625 0.04375 0.14453125
0 0.51875 0.44921875 0.0484375 0.087890625
0 0.4625 0.4453125 0.05 0.08984375
0 0.4328125 0.4453125 0.0328125 0.083984375
0 0.3890625 0.443359375 0.0546875 0.091796875
0 0.3453125 0.404296875 0.046875 0.162109375
0 0.7265625 0.412109375 0.0453125 0.162109375
0 0.7640625 0.408203125 0.034375 0.166015625
0 0.81875 0.45703125 0.0421875 0.107421875
0 0.303125 0.45703125 0.0234375 0.072265625
0 0.11875 0.435546875 0.0359375 0.08984375
0 0.1875 0.431640625 0.028125 0.07421875
