0 0.98125 0.4140625 0.0171875 0.07421875
0 0.9015625 0.390625 0.0140625 0.044921875
0 0.8796875 0.38671875 0.01875 0.046875
0 0.8671875 0.404296875 0.0203125 0.083984375
0 0.8421875 0.408203125 0.021875 0.06640625
0 0.8265625 0.404296875 0.01875 0.0625
0 0.80625 0.396484375 0.0125 0.03515625
0 0.7953125 0.40625 0.0203125 0.0546875
0 0.7765625 0.40625 0.01875 0.056640625
0 0.74375 0.408203125 0.0203125 0.05078125
0 0.6765625 0.416015625 0.021875 0.083984375
0 0.6609375 0.416015625 0.015625 0.056640625
0 0.6421875 0.423828125 0.0171875 0.05078125
0 0.5703125 0.416015625 0.0140625 0.0234375
