0 0.3203125 0.41015625 0.0515625 0.162109375
0 0.4296875 0.435546875 0.0296875 0.06640625
0 0.453125 0.4296875 0.0234375 0.072265625
0 0.63125 0.40234375 0.03125 0.134765625
0 0.659375 0.412109375 0.0296875 0.125
0 0.8625 0.36328125 0.065625 0.259765625
0 0.159375 0.4609375 0.0203125 0.041015625
0 0.11875 0.470703125 0.0203125 0.033203125
0 0.1015625 0.462890625 0.0203125 0.056640625
0 0.5421875 0.435546875 0.01875 0.046875
0 0.5890625 0.43359375 0.0203125 0.046875
0 0.3703125 0.447265625 0.009375 0.029296875
0 0.3765625 0.4453125 0.0125 0.03125
