0 0.934375 0.361328125 0.0296875 0.16796875
0 0.9046875 0.35546875 0.03125 0.15234375
0 0.8578125 0.35546875 0.0296875 0.134765625
0 0.8390625 0.365234375 0.0234375 0.115234375
0 0.81875 0.34765625 0.0140625 0.041015625
0 0.8125 0.34375 0.0109375 0.02734375
0 0.7953125 0.365234375 0.028125 0.115234375
0 0.76875 0.365234375 0.021875 0.10546875
0 0.7453125 0.400390625 0.0265625 0.11328125
0 0.7296875 0.390625 0.01875 0.087890625
0 0.7453125 0.373046875 0.0125 0.0234375
0 0.73125 0.3671875 0.0171875 0.0234375
0 0.653125 0.353515625 0.0203125 0.05078125
0 0.684375 0.365234375 0.0234375 0.09765625
0 0.6390625 0.3515625 0.01875 0.0546875
0 0.6125 0.36328125 0.01875 0.0546875
0 0.6 0.365234375 0.01875 0.0546875
0 0.5734375 0.361328125 0.0203125 0.03515625
0 0.5890625 0.359375 0.01875 0.0546875
0 0.196875 0.376953125 0.03125 0.099609375
0 0.0578125 0.376953125 0.028125 0.083984375
0 0.0296875 0.37890625 0.0203125 0.083984375
0 0.9625 0.3671875 0.0359375 0.04296875
0 0.9609375 0.408203125 0.0375 0.2109375
