0 0.5578125 0.412109375 0.0296875 0.056640625
0 0.5828125 0.41796875 0.0421875 0.091796875
0 0.49375 0.376953125 0.0421875 0.17578125
0 0.446875 0.423828125 0.046875 0.08203125
0 0.3421875 0.38671875 0.04375 0.130859375
0 0.628125 0.26171875 0.128125 0.51953125
0 0.6796875 0.271484375 0.2578125 0.66015625
0 0.8578125 0.328125 0.0609375 0.1875
0 0.896875 0.41796875 0.1 0.384765625
0 0.315625 0.40625 0.021875 0.064453125
0 0.3765625 0.400390625 0.028125 0.109375
0 0.4 0.4296875 0.0328125 0.056640625
