0 0.2328125 0.390625 0.0203125 0.06640625
0 0.25 0.380859375 0.0203125 0.072265625
0 0.28125 0.390625 0.0421875 0.15234375
0 0.3203125 0.423828125 0.0421875 0.1484375
0 0.35625 0.396484375 0.0265625 0.134765625
0 0.3953125 0.408203125 0.034375 0.181640625
0 0.428125 0.404296875 0.05 0.177734375
0 0.4875 0.41796875 0.0421875 0.1796875
0 0.5265625 0.41796875 0.0296875 0.150390625
0 0.553125 0.408203125 0.065625 0.19140625
0 0.603125 0.42578125 0.06875 0.16796875
0 0.8078125 0.416015625 0.103125 0.21875
0 0.384375 0.404296875 0.028125 0.107421875
0 0.4734375 0.3984375 0.0265625 0.0625
0 0.5171875 0.412109375 0.0203125 0.076171875
