0 0.96875 0.390625 0.0296875 0.18359375
0 0.96875 0.349609375 0.028125 0.056640625
0 0.8984375 0.328125 0.0796875 0.328125
0 0.8796875 0.44921875 0.0359375 0.119140625
0 0.8015625 0.341796875 0.09375 0.314453125
0 0.7765625 0.361328125 0.0546875 0.1796875
0 0.7296875 0.384765625 0.0546875 0.19921875
0 0.696875 0.462890625 0.0234375 0.0625
0 0.68125 0.4609375 0.0203125 0.052734375
0 0.640625 0.412109375 0.0375 0.107421875
0 0.378125 0.423828125 0.034375 0.123046875
0 0.59375 0.447265625 0.01875 0.0546875
0 0.578125 0.439453125 0.0203125 0.060546875
0 0.565625 0.439453125 0.01875 0.0546875
