0 0.9734375 0.3984375 0.025 0.12890625
0 0.725 0.416015625 0.021875 0.056640625
0 0.659375 0.41796875 0.021875 0.076171875
0 0.640625 0.408203125 0.015625 0.05859375
0 0.6265625 0.40234375 0.01875 0.052734375
0 0.60625 0.39453125 0.01875 0.052734375
0 0.5953125 0.396484375 0.01875 0.052734375
0 0.5828125 0.400390625 0.01875 0.05078125
0 0.559375 0.3984375 0.0203125 0.05859375
0 0.5421875 0.408203125 0.0203125 0.041015625
0 0.528125 0.404296875 0.0203125 0.04296875
0 0.5078125 0.412109375 0.01875 0.044921875
0 0.296875 0.431640625 0.0125 0.029296875
0 0.2859375 0.421875 0.015625 0.0390625
0 0.275 0.423828125 0.0140625 0.041015625
0 0.2640625 0.41796875 0.0125 0.044921875
0 0.2484375 0.4140625 0.0203125 0.052734375
