0 0.9703125 0.41796875 0.0265625 0.162109375
0 0.94375 0.412109375 0.0265625 0.166015625
0 0.9078125 0.412109375 0.0421875 0.17578125
0 0.871875 0.421875 0.03125 0.126953125
0 0.8515625 0.427734375 0.025 0.123046875
0 0.8265625 0.4296875 0.0265625 0.119140625
0 0.7890625 0.431640625 0.0390625 0.11328125
0 0.75625 0.4453125 0.025 0.09765625
0 0.7390625 0.44921875 0.01875 0.083984375
0 0.725 0.453125 0.01875 0.07421875
0 0.7046875 0.45703125 0.0234375 0.07421875
0 0.6453125 0.48828125 0.0203125 0.0390625
0 0.5890625 0.451171875 0.0390625 0.10546875
0 0.1375 0.484375 0.021875 0.07421875
0 0.1171875 0.486328125 0.021875 0.068359375
0 0.003125 0.47265625 0.025 0.091796875
