0 0.071875 0.4375 0.021875 0.0703125
0 0.2453125 0.447265625 0.0140625 0.041015625
0 0.153125 0.44140625 0.0125 0.03515625
0 0.1421875 0.44140625 0.0125 0.037109375
0 0.89375 0.3984375 0.05 0.115234375
0 0.8390625 0.41015625 0.04375 0.1171875
0 0.71875 0.404296875 0.0203125 0.03125
0 0.665625 0.408203125 0.0734375 0.181640625
0 0.5328125 0.41015625 0.046875 0.138671875
0 0.390625 0.423828125 0.021875 0.060546875
0 0.3453125 0.4296875 0.021875 0.046875
0 0.315625 0.44140625 0.01875 0.03125
0 0.178125 0.43359375 0.01875 0.041015625
0 0.0953125 0.41796875 0.028125 0.044921875
