0 0.503125 0.39453125 0.0609375 0.23046875
0 0.6421875 0.443359375 0.0703125 0.126953125
0 0.6875 0.427734375 0.065625 0.087890625
0 0.740625 0.41796875 0.1109375 0.22265625
0 0.80625 0.435546875 0.0375 0.119140625
0 0.8515625 0.435546875 0.053125 0.16796875
0 0.90625 0.43359375 0.0921875 0.169921875
0 0.5546875 0.458984375 0.0421875 0.068359375
0 0.596875 0.447265625 0.0265625 0.04296875
0 0.6234375 0.44140625 0.034375 0.078125
0 0.4421875 0.435546875 0.025 0.0703125
0 0.475 0.453125 0.0265625 0.056640625
