0 0.928125 0.396484375 0.0421875 0.18359375
0 0.8921875 0.404296875 0.046875 0.177734375
0 0.7703125 0.390625 0.0484375 0.189453125
0 0.6828125 0.3828125 0.04375 0.1015625
0 0.6578125 0.435546875 0.040625 0.1015625
0 0.5984375 0.43359375 0.0484375 0.107421875
0 0.55625 0.4375 0.040625 0.09765625
0 0.50625 0.4375 0.05625 0.1328125
0 0.44375 0.40234375 0.0375 0.123046875
0 0.409375 0.453125 0.03125 0.0703125
0 0.396875 0.431640625 0.0234375 0.072265625
0 0.36875 0.4296875 0.03125 0.07421875
0 0.35 0.421875 0.028125 0.078125
0 0.1953125 0.423828125 0.034375 0.09765625
0 0.2828125 0.42578125 0.03125 0.068359375
0 0.2671875 0.427734375 0.0203125 0.068359375
0 0.08125 0.412109375 0.03125 0.064453125
0 0.021875 0.431640625 0.0359375 0.0703125
