0 0.921875 0.36328125 0.01875 0.06640625
0 0.9078125 0.37109375 0.0203125 0.0625
0 0.9140625 0.3515625 0.009375 0.025390625
0 0.8921875 0.349609375 0.0125 0.02734375
0 0.875 0.3671875 0.0125 0.044921875
0 0.8671875 0.36328125 0.0140625 0.048828125
0 0.834375 0.390625 0.0328125 0.138671875
0 0.8125 0.373046875 0.01875 0.0390625
0 0.7921875 0.34765625 0.01875 0.0390625
0 0.778125 0.34765625 0.01875 0.037109375
0 0.7875 0.375 0.0203125 0.0546875
0 0.8 0.4140625 0.028125 0.109375
0 0.7671875 0.3984375 0.0234375 0.076171875
0 0.7484375 0.396484375 0.01875 0.095703125
0 0.728125 0.384765625 0.021875 0.02734375
0 0.7171875 0.3984375 0.025 0.1015625
0 0.7 0.380859375 0.01875 0.095703125
0 0.6875 0.421875 0.01875 0.052734375
0 0.678125 0.390625 0.01875 0.02734375
0 0.665625 0.365234375 0.01875 0.02734375
0 0.6625 0.40234375 0.028125 0.109375
0 0.6453125 0.37890625 0.01875 0.0703125
0 0.6296875 0.369140625 0.0171875 0.03515625
0 0.6171875 0.373046875 0.01875 0.033203125
0 0.60625 0.365234375 0.0203125 0.046875
0 0.59375 0.365234375 0.01875 0.0390625
0 0.578125 0.365234375 0.01875 0.041015625
0 0.5796875 0.37890625 0.0109375 0.0390625
0 0.5546875 0.376953125 0.0203125 0.046875
0 0.5390625 0.380859375 0.01875 0.03515625
0 0.128125 0.400390625 0.021875 0.0859375
0 0.0875 0.3984375 0.0234375 0.072265625
