0 0.0328125 0.431640625 0.040625 0.09375
0 0.209375 0.421875 0.0328125 0.09375
0 0.2828125 0.42578125 0.0234375 0.0703125
0 0.3015625 0.41796875 0.0234375 0.07421875
0 0.35625 0.416015625 0.0234375 0.076171875
0 0.375 0.43359375 0.021875 0.06640625
0 0.396875 0.427734375 0.01875 0.072265625
0 0.4171875 0.431640625 0.021875 0.068359375
0 0.44375 0.43359375 0.021875 0.08203125
0 0.484375 0.41796875 0.0265625 0.078125
0 0.5296875 0.435546875 0.05 0.138671875
0 0.58125 0.4375 0.0515625 0.09765625
0 0.6265625 0.435546875 0.0453125 0.146484375
0 0.678125 0.443359375 0.05625 0.099609375
0 0.7578125 0.3828125 0.05625 0.1953125
0 0.9671875 0.404296875 0.0296875 0.1796875
0 0.9171875 0.40625 0.059375 0.1796875
0 0.7984375 0.4140625 0.040625 0.068359375
0 0.8296875 0.41015625 0.028125 0.07421875
