0 0.58125 0.431640625 0.025 0.07421875
0 0.6046875 0.423828125 0.021875 0.080078125
0 0.9515625 0.37890625 0.046875 0.248046875
0 0.8484375 0.36328125 0.090625 0.28515625
0 0.8015625 0.392578125 0.0453125 0.19140625
0 0.7328125 0.4140625 0.059375 0.1796875
0 0.0265625 0.453125 0.0265625 0.087890625
0 0.003125 0.44921875 0.0296875 0.08984375
0 0.6296875 0.4296875 0.01875 0.04296875
0 0.56875 0.43359375 0.01875 0.044921875
0 0.65625 0.416015625 0.021875 0.04296875
0 0.15 0.45703125 0.01875 0.044921875
0 0.1171875 0.47265625 0.01875 0.03125
