0 0.53125 0.4375 0.0265625 0.091796875
0 0.428125 0.439453125 0.028125 0.05859375
0 0.4234375 0.439453125 0.0765625 0.2109375
0 0.6125 0.42578125 0.0703125 0.248046875
0 0.684375 0.431640625 0.0359375 0.13671875
0 0.703125 0.4296875 0.065625 0.2109375
0 0.7625 0.4140625 0.0359375 0.09375
0 0.753125 0.408203125 0.0984375 0.31640625
0 0.840625 0.41015625 0.0359375 0.12109375
0 0.8546875 0.40625 0.078125 0.28515625
0 0.9296875 0.40234375 0.0671875 0.283203125
0 0.146875 0.435546875 0.0125 0.03515625
0 0.1546875 0.435546875 0.0140625 0.03515625
0 0.2359375 0.4375 0.0125 0.037109375
0 0.93125 0.43359375 0.0171875 0.046875
