0 0.865625 0.466796875 0.0265625 0.109375
0 0.8296875 0.46484375 0.028125 0.099609375
0 0.8046875 0.470703125 0.028125 0.099609375
0 0.715625 0.478515625 0.0296875 0.0859375
0 0.690625 0.49609375 0.0203125 0.072265625
0 0.6671875 0.490234375 0.025 0.087890625
0 0.6484375 0.49609375 0.0203125 0.076171875
0 0.621875 0.501953125 0.0203125 0.072265625
0 0.6046875 0.509765625 0.0203125 0.0625
0 0.584375 0.515625 0.01875 0.056640625
0 0.5703125 0.51171875 0.0203125 0.05859375
0 0.5546875 0.517578125 0.01875 0.0546875
0 0.3203125 0.521484375 0.0140625 0.041015625
0 0.2671875 0.51953125 0.0125 0.044921875
0 0.2546875 0.51953125 0.0140625 0.04296875
0 0.2328125 0.5234375 0.01875 0.044921875
0 0.0046875 0.515625 0.028125 0.08984375
