0 0.9265625 0.359375 0.0625 0.265625
0 0.8734375 0.3828125 0.0703125 0.251953125
0 0.778125 0.37890625 0.075 0.23046875
0 0.7484375 0.39453125 0.0375 0.18359375
0 0.696875 0.380859375 0.0609375 0.240234375
0 0.6484375 0.404296875 0.0578125 0.1875
0 0.2 0.45703125 0.0203125 0.05859375
0 0.4296875 0.431640625 0.0234375 0.060546875
0 0.1140625 0.470703125 0.0234375 0.033203125
0 0.0984375 0.470703125 0.021875 0.052734375
0 0.615625 0.423828125 0.0265625 0.07421875
0 0.59375 0.427734375 0.0234375 0.046875
0 0.54375 0.427734375 0.021875 0.05078125
