0 0.6390625 0.423828125 0.01875 0.076171875
0 0.6546875 0.41796875 0.01875 0.09375
0 0.5390625 0.435546875 0.01875 0.04296875
0 0.5734375 0.435546875 0.01875 0.052734375
0 0.590625 0.4296875 0.0203125 0.0546875
0 0.6046875 0.43359375 0.01875 0.06640625
0 0.61875 0.41796875 0.0203125 0.056640625
0 0.159375 0.458984375 0.0203125 0.041015625
0 0.11875 0.46875 0.0203125 0.033203125
0 0.103125 0.462890625 0.01875 0.05078125
0 0.3578125 0.453125 0.0109375 0.025390625
0 0.3640625 0.447265625 0.009375 0.02734375
0 0.375 0.4453125 0.0109375 0.029296875
0 0.6703125 0.435546875 0.021875 0.078125
