0 0.925 0.443359375 0.028125 0.16015625
0 0.85625 0.447265625 0.0203125 0.119140625
0 0.8796875 0.458984375 0.0265625 0.12890625
0 0.83125 0.458984375 0.0265625 0.13671875
0 0.8015625 0.4609375 0.028125 0.111328125
0 0.775 0.46875 0.028125 0.109375
0 0.7515625 0.46484375 0.0265625 0.1015625
0 0.709375 0.4609375 0.01875 0.078125
0 0.6328125 0.462890625 0.021875 0.0703125
0 0.696875 0.44140625 0.0125 0.044921875
0 0.653125 0.455078125 0.0171875 0.072265625
0 0.684375 0.439453125 0.015625 0.046875
0 0.590625 0.439453125 0.015625 0.046875
0 0.953125 0.41796875 0.0390625 0.181640625
0 0.5609375 0.431640625 0.009375 0.044921875
0 0.215625 0.45703125 0.0203125 0.068359375
0 0.1953125 0.466796875 0.0203125 0.056640625
0 0.1796875 0.45703125 0.0109375 0.052734375
0 0.1671875 0.45703125 0.0140625 0.05859375
0 0.7671875 0.4296875 0.0125 0.037109375
0 0.553125 0.4375 0.0109375 0.037109375
0 0.628125 0.43359375 0.0171875 0.029296875
0 0.615625 0.453125 0.0171875 0.0546875
0 0.7265625 0.4453125 0.0171875 0.05078125
0 0.6 0.455078125 0.0171875 0.056640625
0 0.7375 0.40625 0.015625 0.04296875
