0 0.6203125 0.43359375 0.0203125 0.072265625
0 0.6703125 0.43359375 0.025 0.072265625
0 0.7 0.43359375 0.028125 0.064453125
0 0.33125 0.453125 0.0234375 0.09375
0 0.315625 0.4453125 0.0203125 0.1015625
0 0.3015625 0.447265625 0.0203125 0.103515625
0 0.26875 0.435546875 0.028125 0.10546875
0 0.2515625 0.435546875 0.0203125 0.11328125
0 0.921875 0.435546875 0.0140625 0.04296875
0 0.915625 0.431640625 0.0125 0.0390625
0 0.9 0.431640625 0.01875 0.033203125
0 0.83125 0.431640625 0.0203125 0.03125
0 0.96875 0.431640625 0.0140625 0.02734375
0 0.225 0.443359375 0.021875 0.046875
0 0.2015625 0.44140625 0.0234375 0.041015625
