0 0.753125 0.41796875 0.034375 0.130859375
0 0.7125 0.40234375 0.040625 0.1484375
0 0.6375 0.421875 0.040625 0.10546875
0 0.690625 0.416015625 0.028125 0.103515625
0 0.5734375 0.431640625 0.021875 0.072265625
0 0.6 0.42578125 0.01875 0.064453125
0 0.5515625 0.435546875 0.0125 0.05078125
0 0.5421875 0.435546875 0.0109375 0.05078125
0 0.3765625 0.447265625 0.0109375 0.029296875
0 0.159375 0.458984375 0.015625 0.04296875
0 0.1171875 0.47265625 0.0203125 0.029296875
0 0.1015625 0.462890625 0.0203125 0.052734375
