0 0.01875 0.458984375 0.0296875 0.087890625
0 0.0 0.458984375 0.021875 0.0859375
0 0.60625 0.427734375 0.025 0.07421875
0 0.5890625 0.42578125 0.025 0.076171875
0 0.71875 0.41015625 0.0515625 0.158203125
0 0.765625 0.392578125 0.0515625 0.171875
0 0.8171875 0.380859375 0.0765625 0.24609375
0 0.9046875 0.39453125 0.075 0.23046875
0 0.1546875 0.458984375 0.0203125 0.044921875
0 0.1171875 0.470703125 0.0203125 0.033203125
0 0.103125 0.46484375 0.01875 0.05078125
0 0.540625 0.435546875 0.01875 0.046875
0 0.5671875 0.435546875 0.0171875 0.044921875
0 0.6328125 0.4296875 0.01875 0.044921875
0 0.659375 0.416015625 0.01875 0.04296875
