0 0.74375 0.400390625 0.0375 0.162109375
0 0.7203125 0.41015625 0.034375 0.15234375
0 0.7046875 0.400390625 0.0296875 0.15625
0 0.665625 0.396484375 0.040625 0.162109375
0 0.3265625 0.44921875 0.01875 0.0546875
0 0.30625 0.455078125 0.0125 0.05078125
0 0.0953125 0.466796875 0.03125 0.05859375
0 0.640625 0.416015625 0.0265625 0.064453125
0 0.621875 0.42578125 0.025 0.06640625
0 0.5984375 0.427734375 0.028125 0.068359375
0 0.5890625 0.431640625 0.021875 0.06640625
0 0.31875 0.44921875 0.009375 0.056640625
