0 0.990625 0.421875 0.0078125 0.1171875
0 0.9375 0.412109375 0.0296875 0.134765625
0 0.909375 0.423828125 0.03125 0.126953125
0 0.890625 0.42578125 0.0203125 0.04296875
0 0.8703125 0.42578125 0.0296875 0.126953125
0 0.84375 0.421875 0.025 0.103515625
0 0.7875 0.443359375 0.0203125 0.0625
0 0.765625 0.42578125 0.025 0.078125
0 0.740625 0.431640625 0.025 0.0703125
0 0.6578125 0.44140625 0.0203125 0.064453125
0 0.6328125 0.435546875 0.0203125 0.05078125
0 0.6234375 0.423828125 0.0203125 0.044921875
0 0.59375 0.4296875 0.0125 0.03515625
