0 0.1921875 0.427734375 0.0234375 0.0703125
0 0.2140625 0.431640625 0.01875 0.068359375
0 0.228125 0.43359375 0.0203125 0.06640625
0 0.6671875 0.43359375 0.0328125 0.125
0 0.76875 0.4453125 0.028125 0.099609375
0 0.8125 0.44140625 0.0234375 0.10546875
0 0.8328125 0.44140625 0.0421875 0.12890625
0 0.9 0.44140625 0.0328125 0.12890625
0 0.93125 0.439453125 0.028125 0.123046875
0 0.9640625 0.443359375 0.0328125 0.162109375
0 0.6125 0.439453125 0.021875 0.052734375
0 0.39375 0.43359375 0.0125 0.0234375
0 0.4 0.4375 0.0125 0.025390625
0 0.63125 0.439453125 0.0140625 0.056640625
0 0.653125 0.439453125 0.0140625 0.0546875
0 0.64375 0.439453125 0.0140625 0.05859375
0 0.73125 0.44140625 0.0234375 0.072265625
