0 0.8828125 0.3671875 0.0234375 0.146484375
0 0.8546875 0.373046875 0.028125 0.140625
0 0.821875 0.37109375 0.0296875 0.1328125
0 0.796875 0.392578125 0.025 0.1171875
0 0.75625 0.41015625 0.021875 0.078125
0 0.7234375 0.400390625 0.025 0.08984375
0 0.6984375 0.40625 0.028125 0.09375
0 0.6625 0.416015625 0.0234375 0.072265625
0 0.6515625 0.43359375 0.0203125 0.052734375
0 0.5625 0.427734375 0.0234375 0.076171875
0 0.215625 0.462890625 0.01875 0.0546875
0 0.1984375 0.46484375 0.0203125 0.052734375
0 0.1421875 0.44921875 0.021875 0.0703125
0 0.121875 0.447265625 0.021875 0.07421875
0 0.0578125 0.44140625 0.021875 0.0859375
0 0.03125 0.44140625 0.0234375 0.0859375
