0 0.959375 0.439453125 0.03125 0.1484375
0 0.9375 0.4453125 0.01875 0.03125
0 0.915625 0.45703125 0.03125 0.123046875
0 0.878125 0.45703125 0.028125 0.1171875
0 0.859375 0.466796875 0.0203125 0.095703125
0 0.8390625 0.455078125 0.025 0.115234375
0 0.8171875 0.44921875 0.0234375 0.115234375
0 0.784375 0.453125 0.0265625 0.109375
0 0.765625 0.45703125 0.0203125 0.025390625
0 0.753125 0.478515625 0.021875 0.078125
0 0.74375 0.455078125 0.021875 0.025390625
0 0.71875 0.44921875 0.01875 0.0703125
0 0.690625 0.466796875 0.0234375 0.064453125
0 0.678125 0.447265625 0.01875 0.037109375
0 0.6515625 0.447265625 0.015625 0.044921875
0 0.634375 0.44140625 0.0140625 0.046875
0 0.6171875 0.44921875 0.01875 0.041015625
0 0.6015625 0.447265625 0.015625 0.029296875
