0 0.6140625 0.427734375 0.0234375 0.08203125
0 0.640625 0.41796875 0.0265625 0.08984375
0 0.6546875 0.412109375 0.028125 0.109375
0 0.684375 0.4140625 0.0296875 0.107421875
0 0.5875 0.43359375 0.021875 0.0546875
0 0.571875 0.435546875 0.0203125 0.05859375
0 0.540625 0.435546875 0.01875 0.046875
0 0.1578125 0.45703125 0.01875 0.04296875
0 0.11875 0.470703125 0.0203125 0.03125
0 0.103125 0.462890625 0.01875 0.056640625
0 0.3578125 0.453125 0.009375 0.025390625
0 0.36875 0.44921875 0.0109375 0.02734375
0 0.375 0.4453125 0.0125 0.03125
