0 0.73125 0.41796875 0.0421875 0.125
0 0.6953125 0.404296875 0.0375 0.14453125
0 0.6375 0.427734375 0.028125 0.09375
0 0.59375 0.43359375 0.0234375 0.0625
0 0.571875 0.4296875 0.0296875 0.06640625
0 0.5515625 0.435546875 0.01875 0.04296875
0 0.5421875 0.43359375 0.015625 0.046875
0 0.60625 0.41796875 0.01875 0.05859375
0 0.621875 0.416015625 0.01875 0.060546875
0 0.35625 0.44921875 0.0171875 0.029296875
0 0.1578125 0.45703125 0.01875 0.04296875
0 0.11875 0.47265625 0.0203125 0.033203125
0 0.1 0.4609375 0.0203125 0.05859375
