0 0.5671875 0.435546875 0.0234375 0.0625
0 0.5390625 0.44140625 0.01875 0.05078125
0 0.43125 0.435546875 0.021875 0.0546875
0 0.2796875 0.421875 0.021875 0.072265625
0 0.2453125 0.4140625 0.025 0.091796875
0 0.2234375 0.416015625 0.025 0.087890625
0 0.1984375 0.4140625 0.0296875 0.08984375
0 0.175 0.416015625 0.028125 0.083984375
0 0.14375 0.396484375 0.028125 0.041015625
0 0.853125 0.44140625 0.0203125 0.0390625
0 0.5015625 0.4375 0.015625 0.037109375
0 0.515625 0.4375 0.0125 0.0390625
0 0.525 0.4375 0.009375 0.0390625
0 0.3453125 0.42578125 0.01875 0.041015625
