0 0.8953125 0.423828125 0.04375 0.150390625
0 0.8640625 0.443359375 0.034375 0.123046875
0 0.8375 0.453125 0.028125 0.087890625
0 0.80625 0.44140625 0.0203125 0.0234375
0 0.8015625 0.46484375 0.0328125 0.109375
0 0.7703125 0.455078125 0.03125 0.123046875
0 0.7515625 0.462890625 0.01875 0.103515625
0 0.7203125 0.48046875 0.01875 0.0703125
0 0.7 0.484375 0.0203125 0.07421875
0 0.678125 0.48046875 0.01875 0.078125
0 0.665625 0.478515625 0.015625 0.06640625
0 0.6484375 0.484375 0.021875 0.068359375
0 0.6296875 0.490234375 0.0203125 0.06640625
0 0.609375 0.48828125 0.01875 0.0625
0 0.590625 0.4921875 0.0203125 0.0546875
0 0.5671875 0.46875 0.0140625 0.0390625
0 0.55625 0.474609375 0.0125 0.03515625
0 0.5390625 0.478515625 0.01875 0.044921875
0 0.51875 0.4765625 0.0203125 0.037109375
0 0.25 0.48046875 0.0109375 0.046875
0 0.23125 0.498046875 0.01875 0.046875
0 0.225 0.48046875 0.015625 0.05078125
