0 0.9109375 0.4609375 0.0359375 0.1328125
0 0.9 0.455078125 0.01875 0.119140625
0 0.8875 0.4609375 0.021875 0.125
0 0.853125 0.45703125 0.03125 0.12890625
0 0.83125 0.4609375 0.0234375 0.123046875
0 0.7984375 0.474609375 0.0203125 0.087890625
0 0.771875 0.466796875 0.0203125 0.109375
0 0.75 0.4765625 0.021875 0.08984375
0 0.734375 0.478515625 0.0203125 0.078125
0 0.715625 0.4765625 0.01875 0.09765625
0 0.7046875 0.478515625 0.0125 0.068359375
0 0.69375 0.4765625 0.0125 0.06640625
0 0.659375 0.46484375 0.0125 0.0625
0 0.6515625 0.462890625 0.009375 0.05078125
0 0.64375 0.462890625 0.0109375 0.05078125
0 0.5828125 0.4609375 0.0140625 0.05078125
0 0.5640625 0.44921875 0.009375 0.029296875
0 0.625 0.46484375 0.0171875 0.05859375
0 0.95625 0.447265625 0.0390625 0.146484375
0 0.38125 0.466796875 0.0109375 0.029296875
0 0.371875 0.466796875 0.0109375 0.041015625
0 0.221875 0.46484375 0.0125 0.052734375
0 0.2015625 0.466796875 0.015625 0.0546875
0 0.1796875 0.466796875 0.0140625 0.05859375
0 0.134375 0.46875 0.0171875 0.037109375
0 0.128125 0.470703125 0.0140625 0.03125
0 0.090625 0.5 0.028125 0.07421875
0 0.528125 0.447265625 0.0140625 0.029296875
0 0.79375 0.44140625 0.0125 0.03515625
0 0.7328125 0.447265625 0.0109375 0.029296875
0 0.6703125 0.45703125 0.0171875 0.0625
0 0.55 0.451171875 0.0140625 0.02734375
