0 0.64375 0.435546875 0.021875 0.0703125
0 0.6890625 0.4296875 0.0265625 0.068359375
0 0.71875 0.43359375 0.0265625 0.0625
0 0.3953125 0.4453125 0.021875 0.08984375
0 0.36875 0.439453125 0.0328125 0.09765625
0 0.3453125 0.435546875 0.0265625 0.09375
0 0.3265625 0.43359375 0.0234375 0.099609375
0 0.3 0.435546875 0.01875 0.04296875
0 0.2765625 0.43359375 0.0265625 0.041015625
0 0.028125 0.431640625 0.0234375 0.0390625
0 0.9390625 0.431640625 0.01875 0.05078125
0 0.95 0.43359375 0.01875 0.046875
0 0.859375 0.431640625 0.01875 0.029296875
