0 0.9671875 0.3671875 0.03125 0.302734375
0 0.840625 0.365234375 0.0921875 0.294921875
0 0.796875 0.380859375 0.0515625 0.21484375
0 0.7328125 0.353515625 0.090625 0.31640625
0 0.703125 0.38671875 0.0578125 0.2265625
0 0.3921875 0.43359375 0.021875 0.05859375
0 0.1765625 0.4609375 0.0234375 0.0546875
0 0.1140625 0.470703125 0.0234375 0.03515625
0 0.096875 0.46875 0.0234375 0.052734375
0 0.6375 0.421875 0.0296875 0.076171875
0 0.615625 0.421875 0.0296875 0.078125
0 0.5453125 0.435546875 0.01875 0.0390625
