0 0.15 0.40234375 0.04375 0.220703125
0 0.19375 0.408203125 0.078125 0.20703125
0 0.30625 0.431640625 0.0203125 0.056640625
0 0.7390625 0.435546875 0.0234375 0.083984375
0 0.459375 0.4375 0.025 0.05078125
0 0.44375 0.43359375 0.01875 0.037109375
0 0.4265625 0.435546875 0.01875 0.025390625
0 0.4 0.435546875 0.021875 0.025390625
0 0.3828125 0.4375 0.01875 0.025390625
0 0.3625 0.431640625 0.01875 0.033203125
0 0.28125 0.431640625 0.0265625 0.056640625
0 0.7828125 0.44140625 0.01875 0.03125
0 0.759375 0.443359375 0.0140625 0.05859375
0 0.7171875 0.439453125 0.0171875 0.0625
