0 0.95 0.416015625 0.040625 0.19140625
0 0.9140625 0.4296875 0.0359375 0.16796875
0 0.0171875 0.384765625 0.0484375 0.162109375
0 0.475 0.4375 0.0265625 0.05078125
0 0.375 0.431640625 0.0234375 0.044921875
0 0.5953125 0.43359375 0.0234375 0.0546875
0 0.621875 0.431640625 0.0203125 0.056640625
0 0.6765625 0.4296875 0.0171875 0.0390625
0 0.725 0.4453125 0.01875 0.0234375
0 0.4546875 0.435546875 0.0203125 0.033203125
0 0.734375 0.447265625 0.0203125 0.03515625
0 0.3484375 0.427734375 0.01875 0.041015625
