0 0.9265625 0.431640625 0.040625 0.150390625
0 0.875 0.453125 0.04375 0.15234375
0 0.9671875 0.44140625 0.0203125 0.072265625
0 0.8421875 0.4609375 0.034375 0.126953125
0 0.828125 0.4609375 0.0234375 0.109375
0 0.8 0.46484375 0.0296875 0.1171875
0 0.7796875 0.458984375 0.0203125 0.11328125
0 0.75 0.46875 0.028125 0.10546875
0 0.740625 0.466796875 0.015625 0.078125
0 0.7046875 0.458984375 0.015625 0.076171875
0 0.6890625 0.439453125 0.0125 0.044921875
0 0.6703125 0.44140625 0.0125 0.041015625
0 0.653125 0.453125 0.015625 0.072265625
0 0.628125 0.4609375 0.01875 0.06640625
0 0.6125 0.453125 0.015625 0.056640625
0 0.5984375 0.45703125 0.015625 0.05078125
0 0.553125 0.435546875 0.009375 0.03515625
0 0.2453125 0.46484375 0.015625 0.060546875
0 0.2296875 0.462890625 0.0203125 0.060546875
0 0.203125 0.455078125 0.015625 0.052734375
0 0.18125 0.458984375 0.0125 0.052734375
0 0.165625 0.4609375 0.0171875 0.05859375
0 0.75625 0.43359375 0.0140625 0.03515625
0 0.721875 0.443359375 0.015625 0.046875
0 0.734375 0.4453125 0.015625 0.044921875
0 0.628125 0.4375 0.015625 0.0234375
0 0.5625 0.4375 0.0109375 0.03125
