0 0.9734375 0.453125 0.0234375 0.109375
0 0.9328125 0.431640625 0.028125 0.123046875
0 0.8953125 0.44140625 0.034375 0.125
0 0.8171875 0.46484375 0.021875 0.0390625
0 0.7796875 0.443359375 0.0359375 0.123046875
0 0.7640625 0.46875 0.01875 0.095703125
0 0.73125 0.47265625 0.0234375 0.0859375
0 0.7171875 0.484375 0.0203125 0.076171875
0 0.6984375 0.4765625 0.025 0.087890625
0 0.6734375 0.4765625 0.0265625 0.087890625
0 0.65 0.490234375 0.01875 0.064453125
0 0.63125 0.494140625 0.01875 0.060546875
0 0.6125 0.49609375 0.01875 0.060546875
0 0.5953125 0.5 0.021875 0.056640625
0 0.5828125 0.49609375 0.0203125 0.05078125
0 0.5734375 0.49609375 0.01875 0.056640625
0 0.5625 0.4921875 0.0203125 0.052734375
0 0.5203125 0.494140625 0.0203125 0.04296875
0 0.271875 0.50390625 0.01875 0.0546875
0 0.253125 0.49609375 0.0125 0.046875
0 0.240625 0.498046875 0.015625 0.044921875
0 0.215625 0.501953125 0.015625 0.044921875
