0 0.15625 0.41796875 0.0328125 0.09375
0 0.228125 0.41796875 0.0203125 0.0703125
0 0.2125 0.42578125 0.0203125 0.06640625
0 0.303125 0.4140625 0.0203125 0.083984375
0 0.3171875 0.423828125 0.028125 0.07421875
0 0.3421875 0.4453125 0.0265625 0.0703125
0 0.3796875 0.400390625 0.0328125 0.12109375
0 0.490625 0.435546875 0.034375 0.05859375
0 0.509375 0.431640625 0.05 0.099609375
0 0.571875 0.44140625 0.05 0.087890625
0 0.7140625 0.40234375 0.0515625 0.158203125
0 0.784375 0.4140625 0.0515625 0.162109375
0 0.825 0.3984375 0.040625 0.181640625
0 0.8765625 0.44921875 0.05 0.107421875
0 0.45 0.396484375 0.0484375 0.12890625
