0 0.9625 0.431640625 0.034375 0.076171875
0 0.903125 0.427734375 0.0359375 0.076171875
0 0.86875 0.4375 0.0359375 0.068359375
0 0.4125 0.4375 0.01875 0.044921875
0 0.3953125 0.43359375 0.01875 0.05078125
0 0.50625 0.443359375 0.0234375 0.04296875
0 0.09375 0.40234375 0.040625 0.126953125
0 0.05 0.408203125 0.040625 0.119140625
0 0.4671875 0.44140625 0.01875 0.0390625
0 0.38125 0.43359375 0.0203125 0.04296875
0 0.621875 0.43359375 0.0203125 0.05859375
0 0.728125 0.453125 0.01875 0.041015625
0 0.70625 0.447265625 0.0203125 0.041015625
0 0.596875 0.43359375 0.0203125 0.05859375
