0 0.921875 0.427734375 0.040625 0.130859375
0 0.925 0.369140625 0.01875 0.056640625
0 0.8875 0.3671875 0.01875 0.033203125
0 0.875 0.365234375 0.01875 0.06640625
0 0.8546875 0.380859375 0.015625 0.05078125
0 0.840625 0.3828125 0.015625 0.046875
0 0.79375 0.390625 0.021875 0.064453125
0 0.778125 0.39453125 0.01875 0.02734375
0 0.7828125 0.37109375 0.0109375 0.01953125
0 0.775 0.36328125 0.0109375 0.03125
0 0.775 0.41796875 0.028125 0.11328125
0 0.76875 0.404296875 0.0109375 0.03125
0 0.765625 0.37109375 0.009375 0.0234375
0 0.7546875 0.3671875 0.009375 0.02734375
0 0.74375 0.365234375 0.009375 0.037109375
0 0.7578125 0.390625 0.009375 0.03125
0 0.7265625 0.380859375 0.0109375 0.03125
0 0.74375 0.427734375 0.03125 0.10546875
0 0.725 0.4140625 0.021875 0.0703125
0 0.7078125 0.40625 0.021875 0.08203125
0 0.6984375 0.408203125 0.0109375 0.02734375
0 0.68125 0.421875 0.0234375 0.0859375
0 0.6796875 0.40625 0.0125 0.021484375
0 0.6625 0.40625 0.0203125 0.064453125
0 0.6515625 0.392578125 0.009375 0.03515625
0 0.6421875 0.396484375 0.0109375 0.021484375
0 0.640625 0.4140625 0.015625 0.017578125
0 0.628125 0.404296875 0.0171875 0.0625
0 0.6421875 0.4296875 0.021875 0.08203125
0 0.61875 0.39453125 0.0109375 0.02734375
0 0.60625 0.41796875 0.0203125 0.078125
0 0.5921875 0.380859375 0.0109375 0.0390625
0 0.5796875 0.380859375 0.0109375 0.037109375
0 0.5703125 0.392578125 0.0109375 0.048828125
0 0.559375 0.39453125 0.0125 0.046875
0 0.5515625 0.390625 0.0109375 0.048828125
0 0.5390625 0.396484375 0.0109375 0.04296875
0 0.528125 0.400390625 0.0140625 0.037109375
0 0.1203125 0.421875 0.0234375 0.083984375
0 0.10625 0.4140625 0.0140625 0.072265625
