0 0.75 0.400390625 0.0359375 0.115234375
0 0.69375 0.39453125 0.025 0.095703125
0 0.678125 0.396484375 0.021875 0.09375
0 0.628125 0.38671875 0.01875 0.056640625
0 0.60625 0.384765625 0.0234375 0.060546875
0 0.5953125 0.390625 0.0203125 0.064453125
0 0.5734375 0.390625 0.0203125 0.05859375
0 0.55625 0.396484375 0.01875 0.052734375
0 0.5421875 0.396484375 0.01875 0.052734375
0 0.5265625 0.40234375 0.01875 0.04296875
0 0.503125 0.404296875 0.01875 0.05078125
0 0.2625 0.427734375 0.0140625 0.03125
0 0.2453125 0.416015625 0.01875 0.041015625
0 0.234375 0.412109375 0.015625 0.048828125
0 0.2171875 0.412109375 0.0125 0.05078125
0 0.1984375 0.40625 0.021875 0.05859375
