0 0.7828125 0.443359375 0.021875 0.078125
0 0.765625 0.4453125 0.0203125 0.08203125
0 0.75 0.447265625 0.01875 0.076171875
0 0.7390625 0.4453125 0.01875 0.072265625
0 0.709375 0.443359375 0.021875 0.0859375
0 0.6140625 0.455078125 0.0109375 0.0390625
0 0.5953125 0.455078125 0.0203125 0.044921875
0 0.58125 0.453125 0.01875 0.037109375
0 0.56875 0.44921875 0.01875 0.0390625
0 0.15 0.46484375 0.0203125 0.044921875
0 0.121875 0.455078125 0.01875 0.041015625
0 0.0578125 0.44921875 0.0203125 0.0546875
0 0.0234375 0.458984375 0.01875 0.052734375
