0 0.7203125 0.392578125 0.05 0.16796875
0 0.68125 0.421875 0.0484375 0.14453125
0 0.903125 0.361328125 0.0953125 0.32421875
0 0.5828125 0.4140625 0.025 0.087890625
0 0.1703125 0.45703125 0.0171875 0.048828125
0 0.184375 0.458984375 0.0203125 0.037109375
0 0.1171875 0.470703125 0.021875 0.03515625
0 0.103125 0.470703125 0.0234375 0.052734375
0 0.540625 0.43359375 0.01875 0.046875
0 0.6078125 0.423828125 0.0234375 0.076171875
0 0.61875 0.427734375 0.021875 0.076171875
0 0.634375 0.41796875 0.0265625 0.083984375
