0 0.0171875 0.439453125 0.0296875 0.099609375
0 0.803125 0.4296875 0.028125 0.103515625
0 0.825 0.44921875 0.021875 0.072265625
0 0.678125 0.453125 0.0203125 0.068359375
0 0.071875 0.447265625 0.0171875 0.06640625
0 0.64375 0.451171875 0.0171875 0.05078125
0 0.709375 0.44921875 0.0203125 0.060546875
0 0.9015625 0.4453125 0.01875 0.037109375
0 0.934375 0.451171875 0.01875 0.072265625
0 0.940625 0.439453125 0.0203125 0.0390625
0 0.0453125 0.451171875 0.01875 0.078125
0 0.6640625 0.44921875 0.015625 0.06640625
0 0.0 0.470703125 0.01875 0.046875
