0 0.1203125 0.400390625 0.0359375 0.11328125
0 0.1671875 0.396484375 0.0359375 0.125
0 0.4234375 0.43359375 0.0203125 0.046875
0 0.53125 0.4375 0.01875 0.04296875
0 0.896875 0.4375 0.04375 0.08203125
0 0.8578125 0.43359375 0.034375 0.083984375
0 0.8265625 0.439453125 0.0328125 0.07421875
0 0.61875 0.43359375 0.0203125 0.056640625
0 0.40625 0.4296875 0.01875 0.05078125
0 0.4703125 0.4375 0.0203125 0.0390625
0 0.59375 0.43359375 0.0203125 0.052734375
0 0.6375 0.43359375 0.01875 0.0546875
0 0.70625 0.447265625 0.01875 0.033203125
