0 0.2171875 0.37109375 0.021875 0.083984375
0 0.246875 0.37109375 0.025 0.0859375
0 0.3953125 0.392578125 0.071875 0.212890625
0 0.465625 0.41015625 0.05 0.1875
0 0.5078125 0.3828125 0.034375 0.15234375
0 0.565625 0.392578125 0.0453125 0.08984375
0 0.5171875 0.400390625 0.0828125 0.220703125
0 0.5890625 0.408203125 0.0671875 0.208984375
0 0.665625 0.392578125 0.1 0.25
0 0.734375 0.38671875 0.0609375 0.244140625
0 0.8 0.404296875 0.075 0.220703125
0 0.85 0.40625 0.0328125 0.1953125
0 0.88125 0.38671875 0.046875 0.1640625
0 0.86875 0.412109375 0.109375 0.2578125
0 0.9390625 0.384765625 0.059375 0.248046875
0 0.384375 0.39453125 0.0125 0.037109375
