0 0.275 0.431640625 0.01875 0.0546875
0 0.259375 0.431640625 0.0203125 0.056640625
0 0.2484375 0.423828125 0.0234375 0.060546875
0 0.6453125 0.42578125 0.0265625 0.123046875
0 0.6640625 0.43359375 0.0265625 0.103515625
0 0.7953125 0.439453125 0.021875 0.083984375
0 0.7640625 0.44140625 0.03125 0.095703125
0 0.871875 0.43359375 0.0328125 0.109375
0 0.9 0.453125 0.0296875 0.1171875
0 0.9625 0.4453125 0.0328125 0.10546875
0 0.821875 0.439453125 0.0234375 0.046875
0 0.7171875 0.4375 0.0234375 0.068359375
0 0.734375 0.4375 0.025 0.083984375
0 0.6296875 0.439453125 0.021875 0.056640625
0 0.6171875 0.439453125 0.01875 0.052734375
