0 0.9453125 0.33203125 0.0515625 0.4140625
0 0.834375 0.3359375 0.1265625 0.482421875
0 0.74375 0.36328125 0.0875 0.296875
0 0.646875 0.423828125 0.0234375 0.08203125
0 0.6234375 0.421875 0.0265625 0.091796875
0 0.1515625 0.46484375 0.025 0.052734375
0 0.1125 0.46875 0.021875 0.03515625
0 0.3640625 0.443359375 0.0234375 0.04296875
0 0.584375 0.43359375 0.0203125 0.044921875
0 0.5375 0.435546875 0.01875 0.046875
0 0.546875 0.43359375 0.01875 0.05078125
0 0.6078125 0.431640625 0.015625 0.05078125
