0 0.93125 0.44140625 0.03125 0.154296875
0 0.8984375 0.427734375 0.03125 0.1640625
0 0.8640625 0.45703125 0.025 0.10546875
0 0.84375 0.46484375 0.0203125 0.099609375
0 0.825 0.458984375 0.034375 0.13671875
0 0.79375 0.46484375 0.0296875 0.107421875
0 0.765625 0.466796875 0.028125 0.109375
0 0.7375 0.47265625 0.0203125 0.080078125
0 0.715625 0.47265625 0.021875 0.087890625
0 0.6859375 0.462890625 0.0125 0.0703125
0 0.6390625 0.45703125 0.0171875 0.060546875
0 0.6203125 0.45703125 0.0203125 0.076171875
0 0.9671875 0.431640625 0.03125 0.166015625
0 0.2984375 0.462890625 0.0171875 0.060546875
0 0.2046875 0.455078125 0.0171875 0.0546875
0 0.1828125 0.458984375 0.0125 0.05078125
0 0.16875 0.458984375 0.015625 0.060546875
0 0.578125 0.447265625 0.015625 0.044921875
0 0.5921875 0.44921875 0.015625 0.056640625
0 0.653125 0.458984375 0.0140625 0.05859375
0 0.55625 0.443359375 0.0109375 0.03125
0 0.7359375 0.439453125 0.01875 0.03515625
0 0.6671875 0.447265625 0.015625 0.04296875
