0 0.8546875 0.376953125 0.0359375 0.154296875
0 0.715625 0.39453125 0.0125 0.056640625
0 0.6953125 0.39453125 0.0109375 0.052734375
0 0.6734375 0.40234375 0.0203125 0.0703125
0 0.6640625 0.396484375 0.0109375 0.0546875
0 0.6328125 0.390625 0.0203125 0.078125
0 0.4765625 0.392578125 0.0296875 0.0859375
0 0.3953125 0.412109375 0.0109375 0.03125
0 0.3671875 0.412109375 0.009375 0.029296875
0 0.275 0.40625 0.0125 0.03515625
0 0.2265625 0.40625 0.0171875 0.01953125
0 0.2125 0.40234375 0.015625 0.041015625
