0 0.3203125 0.443359375 0.0234375 0.05859375
0 0.3328125 0.453125 0.01875 0.046875
0 0.34375 0.44921875 0.021875 0.052734375
0 0.5875 0.447265625 0.0296875 0.08984375
0 0.6328125 0.45703125 0.021875 0.083984375
0 0.678125 0.455078125 0.0234375 0.068359375
0 0.7046875 0.462890625 0.0234375 0.05859375
0 0.8171875 0.458984375 0.028125 0.083984375
0 0.8625 0.44921875 0.021875 0.083984375
0 0.9234375 0.4609375 0.0328125 0.08203125
0 0.9515625 0.478515625 0.0296875 0.056640625
0 0.1875 0.431640625 0.0234375 0.076171875
0 0.209375 0.431640625 0.03125 0.083984375
0 0.6515625 0.45703125 0.01875 0.05078125
0 0.728125 0.455078125 0.0203125 0.06640625
0 0.746875 0.4609375 0.01875 0.0625
0 0.7671875 0.46484375 0.021875 0.03515625
