0 0.2515625 0.4296875 0.0203125 0.060546875
0 0.2375 0.423828125 0.0203125 0.064453125
0 0.221875 0.423828125 0.0234375 0.064453125
0 0.659375 0.427734375 0.03125 0.119140625
0 0.75 0.443359375 0.025 0.0859375
0 0.8015625 0.4375 0.034375 0.115234375
0 0.88125 0.44140625 0.046875 0.115234375
0 0.915625 0.447265625 0.0578125 0.1328125
0 0.6453125 0.4375 0.015625 0.048828125
0 0.8375 0.4375 0.0296875 0.099609375
0 0.628125 0.4375 0.0203125 0.046875
0 0.6171875 0.439453125 0.01875 0.04296875
0 0.353125 0.4296875 0.0140625 0.03125
0 0.725 0.439453125 0.021875 0.06640625
0 0.784375 0.43359375 0.025 0.091796875
