0 0.8484375 0.375 0.078125 0.22265625
0 0.803125 0.39453125 0.05 0.20703125
0 0.775 0.38671875 0.034375 0.16796875
0 0.740625 0.38671875 0.04375 0.197265625
0 0.721875 0.3984375 0.028125 0.087890625
0 0.678125 0.396484375 0.059375 0.201171875
0 0.653125 0.400390625 0.0453125 0.162109375
0 0.23125 0.458984375 0.021875 0.046875
0 0.21875 0.4609375 0.021875 0.04296875
0 0.1125 0.470703125 0.0265625 0.03515625
0 0.0953125 0.470703125 0.025 0.05078125
0 0.6265625 0.42578125 0.0296875 0.0703125
0 0.6078125 0.427734375 0.0265625 0.076171875
0 0.55 0.431640625 0.0140625 0.05078125
