0 0.075 0.416015625 0.028125 0.091796875
0 0.059375 0.412109375 0.01875 0.087890625
0 0.3 0.4375 0.01875 0.052734375
0 0.3140625 0.439453125 0.0203125 0.056640625
0 0.946875 0.455078125 0.0375 0.091796875
0 0.8734375 0.4453125 0.021875 0.091796875
0 0.8484375 0.45703125 0.0265625 0.091796875
0 0.7515625 0.447265625 0.0265625 0.068359375
0 0.6484375 0.4453125 0.0296875 0.08984375
0 0.615625 0.4375 0.028125 0.09765625
0 0.2875 0.43359375 0.0203125 0.0546875
0 0.7390625 0.443359375 0.0203125 0.068359375
0 0.784375 0.4453125 0.0234375 0.044921875
0 0.725 0.443359375 0.01875 0.083984375
