0 0.05625 0.466796875 0.0203125 0.0546875
0 0.075 0.46484375 0.028125 0.06640625
0 0.70625 0.4765625 0.05625 0.177734375
0 0.8 0.4609375 0.025 0.072265625
0 0.8296875 0.46875 0.0328125 0.056640625
0 0.9078125 0.470703125 0.0234375 0.060546875
0 0.2484375 0.470703125 0.01875 0.064453125
0 0.6578125 0.47265625 0.015625 0.037109375
0 0.628125 0.47265625 0.0125 0.02734375
0 0.3171875 0.470703125 0.01875 0.025390625
0 0.4375 0.4609375 0.109375 0.0625
0 0.2546875 0.46875 0.01875 0.06640625
0 0.9328125 0.478515625 0.0234375 0.041015625
